-1.5708 -5.16372
-1.5698 -5.16372
-1.5688 -5.16371
-1.5678 -5.16371
-1.5668 -5.1637
-1.5658 -5.16369
-1.5648 -5.16369
-1.5638 -5.16368
-1.5628 -5.16368
-1.5618 -5.16367
-1.5608 -5.16367
-1.5598 -5.16366
-1.5588 -5.16365
-1.5578 -5.16365
-1.5568 -5.16364
-1.5558 -5.16364
-1.5548 -5.16363
-1.5538 -5.16363
-1.5528 -5.16362
-1.5518 -5.16361
-1.5508 -5.16361
-1.5498 -5.1636
-1.5488 -5.1636
-1.5478 -5.16359
-1.5468 -5.16359
-1.5458 -5.16358
-1.5448 -5.16357
-1.5438 -5.16357
-1.5428 -5.16356
-1.5418 -5.16356
-1.5408 -5.16355
-1.5398 -5.16355
-1.5388 -5.16354
-1.5378 -5.16353
-1.5368 -5.16353
-1.5358 -5.16352
-1.5348 -5.16352
-1.5338 -5.16351
-1.5328 -5.1635
-1.5318 -5.1635
-1.5308 -5.16349
-1.5298 -5.16349
-1.5288 -5.16348
-1.5278 -5.16348
-1.5268 -5.16347
-1.5258 -5.16346
-1.5248 -5.16346
-1.5238 -5.16345
-1.5228 -5.16345
-1.5218 -5.16344
-1.5208 -5.16343
-1.5198 -5.16343
-1.5188 -5.16342
-1.5178 -5.16342
-1.5168 -5.16341
-1.5158 -5.1634
-1.5148 -5.1634
-1.5138 -5.16339
-1.5128 -5.16339
-1.5118 -5.16338
-1.5108 -5.16337
-1.5098 -5.16337
-1.5088 -5.16336
-1.5078 -5.16336
-1.5068 -5.16335
-1.5058 -5.16334
-1.5048 -5.16334
-1.5038 -5.16333
-1.5028 -5.16332
-1.5018 -5.16332
-1.5008 -5.16331
-1.4998 -5.16331
-1.4988 -5.1633
-1.4978 -5.16329
-1.4968 -5.16329
-1.4958 -5.16328
-1.4948 -5.16328
-1.4938 -5.16327
-1.4928 -5.16326
-1.4918 -5.16326
-1.4908 -5.16325
-1.4898 -5.16324
-1.4888 -5.16324
-1.4878 -5.16323
-1.4868 -5.16322
-1.4858 -5.16322
-1.4848 -5.16321
-1.4838 -5.16321
-1.4828 -5.1632
-1.4818 -5.16319
-1.4808 -5.16319
-1.4798 -5.16318
-1.4788 -5.16317
-1.4778 -5.16317
-1.4768 -5.16316
-1.4758 -5.16315
-1.4748 -5.16315
-1.4738 -5.16314
-1.4728 -5.16314
-1.4718 -5.16313
-1.4708 -5.16312
-1.4698 -5.16312
-1.4688 -5.16311
-1.4678 -5.1631
-1.4668 -5.1631
-1.4658 -5.16309
-1.4648 -5.16308
-1.4638 -5.16308
-1.4628 -5.16307
-1.4618 -5.16306
-1.4608 -5.16306
-1.4598 -5.16305
-1.4588 -5.16304
-1.4578 -5.16304
-1.4568 -5.16303
-1.4558 -5.16302
-1.4548 -5.16302
-1.4538 -5.16301
-1.4528 -5.163
-1.4518 -5.163
-1.4508 -5.16299
-1.4498 -5.16298
-1.4488 -5.16298
-1.4478 -5.16297
-1.4468 -5.16296
-1.4458 -5.16296
-1.4448 -5.16295
-1.4438 -5.16294
-1.4428 -5.16294
-1.4418 -5.16293
-1.4408 -5.16292
-1.4398 -5.16292
-1.4388 -5.16291
-1.4378 -5.1629
-1.4368 -5.1629
-1.4358 -5.16289
-1.4348 -5.16288
-1.4338 -5.16288
-1.4328 -5.16287
-1.4318 -5.16286
-1.4308 -5.16285
-1.4298 -5.16285
-1.4288 -5.16284
-1.4278 -5.16283
-1.4268 -5.16283
-1.4258 -5.16282
-1.4248 -5.16281
-1.4238 -5.16281
-1.4228 -5.1628
-1.4218 -5.16279
-1.4208 -5.16278
-1.4198 -5.16278
-1.4188 -5.16277
-1.4178 -5.16276
-1.4168 -5.16276
-1.4158 -5.16275
-1.4148 -5.16274
-1.4138 -5.16273
-1.4128 -5.16273
-1.4118 -5.16272
-1.4108 -5.16271
-1.4098 -5.16271
-1.4088 -5.1627
-1.4078 -5.16269
-1.4068 -5.16268
-1.4058 -5.16268
-1.4048 -5.16267
-1.4038 -5.16266
-1.4028 -5.16265
-1.4018 -5.16265
-1.4008 -5.16264
-1.3998 -5.16263
-1.3988 -5.16263
-1.3978 -5.16262
-1.3968 -5.16261
-1.3958 -5.1626
-1.3948 -5.1626
-1.3938 -5.16259
-1.3928 -5.16258
-1.3918 -5.16257
-1.3908 -5.16257
-1.3898 -5.16256
-1.3888 -5.16255
-1.3878 -5.16254
-1.3868 -5.16254
-1.3858 -5.16253
-1.3848 -5.16252
-1.3838 -5.16251
-1.3828 -5.16251
-1.3818 -5.1625
-1.3808 -5.16249
-1.3798 -5.16248
-1.3788 -5.16247
-1.3778 -5.16247
-1.3768 -5.16246
-1.3758 -5.16245
-1.3748 -5.16244
-1.3738 -5.16244
-1.3728 -5.16243
-1.3718 -5.16242
-1.3708 -5.16241
-1.3698 -5.1624
-1.3688 -5.1624
-1.3678 -5.16239
-1.3668 -5.16238
-1.3658 -5.16237
-1.3648 -5.16237
-1.3638 -5.16236
-1.3628 -5.16235
-1.3618 -5.16234
-1.3608 -5.16233
-1.3598 -5.16233
-1.3588 -5.16232
-1.3578 -5.16231
-1.3568 -5.1623
-1.3558 -5.16229
-1.3548 -5.16229
-1.3538 -5.16228
-1.3528 -5.16227
-1.3518 -5.16226
-1.3508 -5.16225
-1.3498 -5.16225
-1.3488 -5.16224
-1.3478 -5.16223
-1.3468 -5.16222
-1.3458 -5.16221
-1.3448 -5.1622
-1.3438 -5.1622
-1.3428 -5.16219
-1.3418 -5.16218
-1.3408 -5.16217
-1.3398 -5.16216
-1.3388 -5.16215
-1.3378 -5.16215
-1.3368 -5.16214
-1.3358 -5.16213
-1.3348 -5.16212
-1.3338 -5.16211
-1.3328 -5.1621
-1.3318 -5.1621
-1.3308 -5.16209
-1.3298 -5.16208
-1.3288 -5.16207
-1.3278 -5.16206
-1.3268 -5.16205
-1.3258 -5.16204
-1.3248 -5.16204
-1.3238 -5.16203
-1.3228 -5.16202
-1.3218 -5.16201
-1.3208 -5.162
-1.3198 -5.16199
-1.3188 -5.16198
-1.3178 -5.16197
-1.3168 -5.16197
-1.3158 -5.16196
-1.3148 -5.16195
-1.3138 -5.16194
-1.3128 -5.16193
-1.3118 -5.16192
-1.3108 -5.16191
-1.3098 -5.1619
-1.3088 -5.1619
-1.3078 -5.16189
-1.3068 -5.16188
-1.3058 -5.16187
-1.3048 -5.16186
-1.3038 -5.16185
-1.3028 -5.16184
-1.3018 -5.16183
-1.3008 -5.16182
-1.2998 -5.16181
-1.2988 -5.1618
-1.2978 -5.1618
-1.2968 -5.16179
-1.2958 -5.16178
-1.2948 -5.16177
-1.2938 -5.16176
-1.2928 -5.16175
-1.2918 -5.16174
-1.2908 -5.16173
-1.2898 -5.16172
-1.2888 -5.16171
-1.2878 -5.1617
-1.2868 -5.16169
-1.2858 -5.16168
-1.2848 -5.16167
-1.2838 -5.16166
-1.2828 -5.16166
-1.2818 -5.16165
-1.2808 -5.16164
-1.2798 -5.16163
-1.2788 -5.16162
-1.2778 -5.16161
-1.2768 -5.1616
-1.2758 -5.16159
-1.2748 -5.16158
-1.2738 -5.16157
-1.2728 -5.16156
-1.2718 -5.16155
-1.2708 -5.16154
-1.2698 -5.16153
-1.2688 -5.16152
-1.2678 -5.16151
-1.2668 -5.1615
-1.2658 -5.16149
-1.2648 -5.16148
-1.2638 -5.16147
-1.2628 -5.16146
-1.2618 -5.16145
-1.2608 -5.16144
-1.2598 -5.16143
-1.2588 -5.16142
-1.2578 -5.16141
-1.2568 -5.1614
-1.2558 -5.16139
-1.2548 -5.16138
-1.2538 -5.16137
-1.2528 -5.16136
-1.2518 -5.16135
-1.2508 -5.16134
-1.2498 -5.16133
-1.2488 -5.16132
-1.2478 -5.16131
-1.2468 -5.1613
-1.2458 -5.16129
-1.2448 -5.16128
-1.2438 -5.16127
-1.2428 -5.16125
-1.2418 -5.16124
-1.2408 -5.16123
-1.2398 -5.16122
-1.2388 -5.16121
-1.2378 -5.1612
-1.2368 -5.16119
-1.2358 -5.16118
-1.2348 -5.16117
-1.2338 -5.16116
-1.2328 -5.16115
-1.2318 -5.16114
-1.2308 -5.16113
-1.2298 -5.16112
-1.2288 -5.1611
-1.2278 -5.16109
-1.2268 -5.16108
-1.2258 -5.16107
-1.2248 -5.16106
-1.2238 -5.16105
-1.2228 -5.16104
-1.2218 -5.16103
-1.2208 -5.16102
-1.2198 -5.161
-1.2188 -5.16099
-1.2178 -5.16098
-1.2168 -5.16097
-1.2158 -5.16096
-1.2148 -5.16095
-1.2138 -5.16094
-1.2128 -5.16093
-1.2118 -5.16091
-1.2108 -5.1609
-1.2098 -5.16089
-1.2088 -5.16088
-1.2078 -5.16087
-1.2068 -5.16086
-1.2058 -5.16084
-1.2048 -5.16083
-1.2038 -5.16082
-1.2028 -5.16081
-1.2018 -5.1608
-1.2008 -5.16079
-1.1998 -5.16077
-1.1988 -5.16076
-1.1978 -5.16075
-1.1968 -5.16074
-1.1958 -5.16073
-1.1948 -5.16071
-1.1938 -5.1607
-1.1928 -5.16069
-1.1918 -5.16068
-1.1908 -5.16067
-1.1898 -5.16065
-1.1888 -5.16064
-1.1878 -5.16063
-1.1868 -5.16062
-1.1858 -5.1606
-1.1848 -5.16059
-1.1838 -5.16058
-1.1828 -5.16057
-1.1818 -5.16055
-1.1808 -5.16054
-1.1798 -5.16053
-1.1788 -5.16052
-1.1778 -5.1605
-1.1768 -5.16049
-1.1758 -5.16048
-1.1748 -5.16047
-1.1738 -5.16045
-1.1728 -5.16044
-1.1718 -5.16043
-1.1708 -5.16041
-1.1698 -5.1604
-1.1688 -5.16039
-1.1678 -5.16037
-1.1668 -5.16036
-1.1658 -5.16035
-1.1648 -5.16034
-1.1638 -5.16032
-1.1628 -5.16031
-1.1618 -5.1603
-1.1608 -5.16028
-1.1598 -5.16027
-1.1588 -5.16026
-1.1578 -5.16024
-1.1568 -5.16023
-1.1558 -5.16021
-1.1548 -5.1602
-1.1538 -5.16019
-1.1528 -5.16017
-1.1518 -5.16016
-1.1508 -5.16015
-1.1498 -5.16013
-1.1488 -5.16012
-1.1478 -5.1601
-1.1468 -5.16009
-1.1458 -5.16008
-1.1448 -5.16006
-1.1438 -5.16005
-1.1428 -5.16003
-1.1418 -5.16002
-1.1408 -5.16001
-1.1398 -5.15999
-1.1388 -5.15998
-1.1378 -5.15996
-1.1368 -5.15995
-1.1358 -5.15993
-1.1348 -5.15992
-1.1338 -5.1599
-1.1328 -5.15989
-1.1318 -5.15987
-1.1308 -5.15986
-1.1298 -5.15985
-1.1288 -5.15983
-1.1278 -5.15982
-1.1268 -5.1598
-1.1258 -5.15979
-1.1248 -5.15977
-1.1238 -5.15976
-1.1228 -5.15974
-1.1218 -5.15972
-1.1208 -5.15971
-1.1198 -5.15969
-1.1188 -5.15968
-1.1178 -5.15966
-1.1168 -5.15965
-1.1158 -5.15963
-1.1148 -5.15962
-1.1138 -5.1596
-1.1128 -5.15959
-1.1118 -5.15957
-1.1108 -5.15955
-1.1098 -5.15954
-1.1088 -5.15952
-1.1078 -5.15951
-1.1068 -5.15949
-1.1058 -5.15947
-1.1048 -5.15946
-1.1038 -5.15944
-1.1028 -5.15943
-1.1018 -5.15941
-1.1008 -5.15939
-1.0998 -5.15938
-1.0988 -5.15936
-1.0978 -5.15934
-1.0968 -5.15933
-1.0958 -5.15931
-1.0948 -5.15929
-1.0938 -5.15928
-1.0928 -5.15926
-1.0918 -5.15924
-1.0908 -5.15923
-1.0898 -5.15921
-1.0888 -5.15919
-1.0878 -5.15917
-1.0868 -5.15916
-1.0858 -5.15914
-1.0848 -5.15912
-1.0838 -5.1591
-1.0828 -5.15909
-1.0818 -5.15907
-1.0808 -5.15905
-1.0798 -5.15903
-1.0788 -5.15902
-1.0778 -5.159
-1.0768 -5.15898
-1.0758 -5.15896
-1.0748 -5.15894
-1.0738 -5.15893
-1.0728 -5.15891
-1.0718 -5.15889
-1.0708 -5.15887
-1.0698 -5.15885
-1.0688 -5.15883
-1.0678 -5.15882
-1.0668 -5.1588
-1.0658 -5.15878
-1.0648 -5.15876
-1.0638 -5.15874
-1.0628 -5.15872
-1.0618 -5.1587
-1.0608 -5.15868
-1.0598 -5.15866
-1.0588 -5.15864
-1.0578 -5.15863
-1.0568 -5.15861
-1.0558 -5.15859
-1.0548 -5.15857
-1.0538 -5.15855
-1.0528 -5.15853
-1.0518 -5.15851
-1.0508 -5.15849
-1.0498 -5.15847
-1.0488 -5.15845
-1.0478 -5.15843
-1.0468 -5.15841
-1.0458 -5.15839
-1.0448 -5.15837
-1.0438 -5.15835
-1.0428 -5.15833
-1.0418 -5.15831
-1.0408 -5.15828
-1.0398 -5.15826
-1.0388 -5.15824
-1.0378 -5.15822
-1.0368 -5.1582
-1.0358 -5.15818
-1.0348 -5.15816
-1.0338 -5.15814
-1.0328 -5.15812
-1.0318 -5.15809
-1.0308 -5.15807
-1.0298 -5.15805
-1.0288 -5.15803
-1.0278 -5.15801
-1.0268 -5.15798
-1.0258 -5.15796
-1.0248 -5.15794
-1.0238 -5.15792
-1.0228 -5.1579
-1.0218 -5.15787
-1.0208 -5.15785
-1.0198 -5.15783
-1.0188 -5.1578
-1.0178 -5.15778
-1.0168 -5.15776
-1.0158 -5.15774
-1.0148 -5.15771
-1.0138 -5.15769
-1.0128 -5.15767
-1.0118 -5.15764
-1.0108 -5.15762
-1.0098 -5.15759
-1.0088 -5.15757
-1.0078 -5.15755
-1.0068 -5.15752
-1.0058 -5.1575
-1.0048 -5.15747
-1.0038 -5.15745
-1.0028 -5.15742
-1.0018 -5.1574
-1.0008 -5.15737
-0.999796 -5.15735
-0.998796 -5.15732
-0.997796 -5.1573
-0.996796 -5.15727
-0.995796 -5.15725
-0.994796 -5.15722
-0.993796 -5.1572
-0.992796 -5.15717
-0.991796 -5.15715
-0.990796 -5.15712
-0.989796 -5.15709
-0.988796 -5.15707
-0.987796 -5.15704
-0.986796 -5.15701
-0.985796 -5.15699
-0.984796 -5.15696
-0.983796 -5.15693
-0.982796 -5.15691
-0.981796 -5.15688
-0.980796 -5.15685
-0.979796 -5.15683
-0.978796 -5.1568
-0.977796 -5.15677
-0.976796 -5.15674
-0.975796 -5.15671
-0.974796 -5.15669
-0.973796 -5.15666
-0.972796 -5.15663
-0.971796 -5.1566
-0.970796 -5.15657
-0.969796 -5.15654
-0.968796 -5.15651
-0.967796 -5.15648
-0.966796 -5.15646
-0.965796 -5.15643
-0.964796 -5.1564
-0.963796 -5.15637
-0.962796 -5.15634
-0.961796 -5.15631
-0.960796 -5.15628
-0.959796 -5.15625
-0.958796 -5.15621
-0.957796 -5.15618
-0.956796 -5.15615
-0.955796 -5.15612
-0.954796 -5.15609
-0.953796 -5.15606
-0.952796 -5.15603
-0.951796 -5.156
-0.950796 -5.15596
-0.949796 -5.15593
-0.948796 -5.1559
-0.947796 -5.15587
-0.946796 -5.15583
-0.945796 -5.1558
-0.944796 -5.15577
-0.943796 -5.15574
-0.942796 -5.1557
-0.941796 -5.15567
-0.940796 -5.15563
-0.939796 -5.1556
-0.938796 -5.15557
-0.937796 -5.15553
-0.936796 -5.1555
-0.935796 -5.15546
-0.934796 -5.15543
-0.933796 -5.15539
-0.932796 -5.15536
-0.931796 -5.15532
-0.930796 -5.15529
-0.929796 -5.15525
-0.928796 -5.15521
-0.927796 -5.15518
-0.926796 -5.15514
-0.925796 -5.1551
-0.924796 -5.15507
-0.923796 -5.15503
-0.922796 -5.15499
-0.921796 -5.15495
-0.920796 -5.15492
-0.919796 -5.15488
-0.918796 -5.15484
-0.917796 -5.1548
-0.916796 -5.15476
-0.915796 -5.15472
-0.914796 -5.15468
-0.913796 -5.15464
-0.912796 -5.1546
-0.911796 -5.15456
-0.910796 -5.15452
-0.909796 -5.15448
-0.908796 -5.15444
-0.907796 -5.1544
-0.906796 -5.15436
-0.905796 -5.15432
-0.904796 -5.15428
-0.903796 -5.15423
-0.902796 -5.15419
-0.901796 -5.15415
-0.900796 -5.15411
-0.899796 -5.15406
-0.898796 -5.15402
-0.897796 -5.15398
-0.896796 -5.15393
-0.895796 -5.15389
-0.894796 -5.15384
-0.893796 -5.1538
-0.892796 -5.15375
-0.891796 -5.15371
-0.890796 -5.15366
-0.889796 -5.15362
-0.888796 -5.15357
-0.887796 -5.15352
-0.886796 -5.15347
-0.885796 -5.15343
-0.884796 -5.15338
-0.883796 -5.15333
-0.882796 -5.15328
-0.881796 -5.15323
-0.880796 -5.15319
-0.879796 -5.15314
-0.878796 -5.15309
-0.877796 -5.15304
-0.876796 -5.15299
-0.875796 -5.15293
-0.874796 -5.15288
-0.873796 -5.15283
-0.872796 -5.15278
-0.871796 -5.15273
-0.870796 -5.15268
-0.869796 -5.15262
-0.868796 -5.15257
-0.867796 -5.15251
-0.866796 -5.15246
-0.865796 -5.15241
-0.864796 -5.15235
-0.863796 -5.1523
-0.862796 -5.15224
-0.861796 -5.15218
-0.860796 -5.15213
-0.859796 -5.15207
-0.858796 -5.15201
-0.857796 -5.15195
-0.856796 -5.1519
-0.855796 -5.15184
-0.854796 -5.15178
-0.853796 -5.15172
-0.852796 -5.15166
-0.851796 -5.1516
-0.850796 -5.15154
-0.849796 -5.15147
-0.848796 -5.15141
-0.847796 -5.15135
-0.846796 -5.15129
-0.845796 -5.15122
-0.844796 -5.15116
-0.843796 -5.15109
-0.842796 -5.15103
-0.841796 -5.15096
-0.840796 -5.1509
-0.839796 -5.15083
-0.838796 -5.15076
-0.837796 -5.1507
-0.836796 -5.15063
-0.835796 -5.15056
-0.834796 -5.15049
-0.833796 -5.15042
-0.832796 -5.15035
-0.831796 -5.15028
-0.830796 -5.1502
-0.829796 -5.15013
-0.828796 -5.15006
-0.827796 -5.14998
-0.826796 -5.14991
-0.825796 -5.14983
-0.824796 -5.14976
-0.823796 -5.14968
-0.822796 -5.14961
-0.821796 -5.14953
-0.820796 -5.14945
-0.819796 -5.14937
-0.818796 -5.14929
-0.817796 -5.14921
-0.816796 -5.14913
-0.815796 -5.14905
-0.814796 -5.14896
-0.813796 -5.14888
-0.812796 -5.1488
-0.811796 -5.14871
-0.810796 -5.14862
-0.809796 -5.14854
-0.808796 -5.14845
-0.807796 -5.14836
-0.806796 -5.14827
-0.805796 -5.14818
-0.804796 -5.14809
-0.803796 -5.148
-0.802796 -5.14791
-0.801796 -5.14781
-0.800796 -5.14772
-0.799796 -5.14762
-0.798796 -5.14753
-0.797796 -5.14743
-0.796796 -5.14733
-0.795796 -5.14723
-0.794796 -5.14713
-0.793796 -5.14703
-0.792796 -5.14693
-0.791796 -5.14682
-0.790796 -5.14672
-0.789796 -5.14661
-0.788796 -5.14651
-0.787796 -5.1464
-0.786796 -5.14629
-0.785796 -5.14618
-0.784796 -5.14607
-0.783796 -5.14596
-0.782796 -5.14584
-0.781796 -5.14573
-0.780796 -5.14561
-0.779796 -5.1455
-0.778796 -5.14538
-0.777796 -5.14526
-0.776796 -5.14513
-0.775796 -5.14501
-0.774796 -5.14489
-0.773796 -5.14476
-0.772796 -5.14464
-0.771796 -5.14451
-0.770796 -5.14438
-0.769796 -5.14425
-0.768796 -5.14411
-0.767796 -5.14398
-0.766796 -5.14384
-0.765796 -5.1437
-0.764796 -5.14356
-0.763796 -5.14342
-0.762796 -5.14328
-0.761796 -5.14314
-0.760796 -5.14299
-0.759796 -5.14284
-0.758796 -5.14269
-0.757796 -5.14254
-0.756796 -5.14239
-0.755796 -5.14223
-0.754796 -5.14207
-0.753796 -5.14191
-0.752796 -5.14175
-0.751796 -5.14159
-0.750796 -5.14142
-0.749796 -5.14125
-0.748796 -5.14108
-0.747796 -5.14091
-0.746796 -5.14073
-0.745796 -5.14056
-0.744796 -5.14038
-0.743796 -5.14019
-0.742796 -5.14001
-0.741796 -5.13982
-0.740796 -5.13963
-0.739796 -5.13944
-0.738796 -5.13924
-0.737796 -5.13904
-0.736796 -5.13884
-0.735796 -5.13864
-0.734796 -5.13843
-0.733796 -5.13822
-0.732796 -5.13801
-0.731796 -5.13779
-0.730796 -5.13757
-0.729796 -5.13735
-0.728796 -5.13712
-0.727796 -5.13689
-0.726796 -5.13666
-0.725796 -5.13642
-0.724796 -5.13618
-0.723796 -5.13593
-0.722796 -5.13568
-0.721796 -5.13543
-0.720796 -5.13517
-0.719796 -5.13491
-0.718796 -5.13464
-0.717796 -5.13437
-0.716796 -5.1341
-0.715796 -5.13382
-0.714796 -5.13353
-0.713796 -5.13324
-0.712796 -5.13295
-0.711796 -5.13265
-0.710796 -5.13234
-0.709796 -5.13203
-0.708796 -5.13172
-0.707796 -5.13139
-0.706796 -5.13107
-0.705796 -5.13073
-0.704796 -5.13039
-0.703796 -5.13004
-0.702796 -5.12969
-0.701796 -5.12933
-0.700796 -5.12896
-0.699796 -5.12858
-0.698796 -5.1282
-0.697796 -5.12781
-0.696796 -5.12741
-0.695796 -5.127
-0.694796 -5.12659
-0.693796 -5.12617
-0.692796 -5.12573
-0.691796 -5.12529
-0.690796 -5.12484
-0.689796 -5.12437
-0.688796 -5.1239
-0.687796 -5.12342
-0.686796 -5.12292
-0.685796 -5.12242
-0.684796 -5.1219
-0.683796 -5.12137
-0.682796 -5.12083
-0.681796 -5.12027
-0.680796 -5.1197
-0.679796 -5.11912
-0.678796 -5.11852
-0.677796 -5.11791
-0.676796 -5.11728
-0.675796 -5.11663
-0.674796 -5.11597
-0.673796 -5.11529
-0.672796 -5.11459
-0.671796 -5.11387
-0.670796 -5.11313
-0.669796 -5.11237
-0.668796 -5.11159
-0.667796 -5.11078
-0.666796 -5.10996
-0.665796 -5.1091
-0.664796 -5.10822
-0.663796 -5.10732
-0.662796 -5.10638
-0.661796 -5.10541
-0.660796 -5.10442
-0.659796 -5.10339
-0.658796 -5.10232
-0.657796 -5.10122
-0.656796 -5.10008
-0.655796 -5.0989
-0.654796 -5.09768
-0.653796 -5.09641
-0.652796 -5.0951
-0.651796 -5.09373
-0.650796 -5.09232
-0.649796 -5.09084
-0.648796 -5.08931
-0.647796 -5.08771
-0.646796 -5.08605
-0.645796 -5.08431
-0.644796 -5.0825
-0.643796 -5.0806
-0.642796 -5.07862
-0.641796 -5.07655
-0.640796 -5.07437
-0.639796 -5.07209
-0.638796 -5.06969
-0.637796 -5.06717
-0.636796 -5.06451
-0.635796 -5.06171
-0.634796 -5.05875
-0.633796 -5.05561
-0.632796 -5.05229
-0.631796 -5.04877
-0.630796 -5.04502
-0.629796 -5.04103
-0.628796 -5.03677
-0.627796 -5.03221
-0.626796 -5.02732
-0.625796 -5.02206
-0.624796 -5.01639
-0.623796 -5.01027
-0.622796 -5.00362
-0.621796 -4.99639
-0.620796 -4.9885
-0.619796 -4.97985
-0.618796 -4.97032
-0.617796 -4.95978
-0.616796 -4.94806
-0.615796 -4.93496
-0.614796 -4.92022
-0.613796 -4.90352
-0.612796 -4.88446
-0.611796 -4.86251
-0.610796 -4.83698
-0.609796 -4.80697
-0.608796 -4.77125
-0.607796 -4.72816
-0.606796 -4.67537
-0.605796 -4.60961
-0.604796 -4.52626
-0.603796 -4.41897
-0.602796 -4.27955
-0.601796 -4.09956
-0.600796 -3.87571
-0.599796 -3.61948
-0.598796 -3.36014
-0.597796 -3.12898
-0.596796 -2.94096
-0.595796 -2.79475
-0.594796 -2.68228
-0.593796 -2.59511
-0.592796 -2.52654
-0.591796 -2.47166
-0.590796 -2.42701
-0.589796 -2.39009
-0.588796 -2.35915
-0.587796 -2.33288
-0.586796 -2.31033
-0.585796 -2.29079
-0.584796 -2.27369
-0.583796 -2.25862
-0.582796 -2.24524
-0.581796 -2.23329
-0.580796 -2.22255
-0.579796 -2.21285
-0.578796 -2.20405
-0.577796 -2.19602
-0.576796 -2.18868
-0.575796 -2.18193
-0.574796 -2.17572
-0.573796 -2.16997
-0.572796 -2.16464
-0.571796 -2.15969
-0.570796 -2.15507
-0.569796 -2.15076
-0.568796 -2.14672
-0.567796 -2.14293
-0.566796 -2.13937
-0.565796 -2.13601
-0.564796 -2.13285
-0.563796 -2.12985
-0.562796 -2.12702
-0.561796 -2.12434
-0.560796 -2.12179
-0.559796 -2.11937
-0.558796 -2.11707
-0.557796 -2.11488
-0.556796 -2.11278
-0.555796 -2.11079
-0.554796 -2.10888
-0.553796 -2.10705
-0.552796 -2.1053
-0.551796 -2.10362
-0.550796 -2.10201
-0.549796 -2.10047
-0.548796 -2.09898
-0.547796 -2.09755
-0.546796 -2.09618
-0.545796 -2.09486
-0.544796 -2.09358
-0.543796 -2.09235
-0.542796 -2.09116
-0.541796 -2.09002
-0.540796 -2.08891
-0.539796 -2.08784
-0.538796 -2.0868
-0.537796 -2.0858
-0.536796 -2.08483
-0.535796 -2.08389
-0.534796 -2.08298
-0.533796 -2.08209
-0.532796 -2.08123
-0.531796 -2.0804
-0.530796 -2.07959
-0.529796 -2.07881
-0.528796 -2.07804
-0.527796 -2.0773
-0.526796 -2.07658
-0.525796 -2.07587
-0.524796 -2.07519
-0.523796 -2.07452
-0.522796 -2.07387
-0.521796 -2.07324
-0.520796 -2.07263
-0.519796 -2.07202
-0.518796 -2.07144
-0.517796 -2.07087
-0.516796 -2.07031
-0.515796 -2.06976
-0.514796 -2.06923
-0.513796 -2.06871
-0.512796 -2.0682
-0.511796 -2.06771
-0.510796 -2.06722
-0.509796 -2.06675
-0.508796 -2.06628
-0.507796 -2.06583
-0.506796 -2.06538
-0.505796 -2.06495
-0.504796 -2.06452
-0.503796 -2.0641
-0.502796 -2.0637
-0.501796 -2.0633
-0.500796 -2.0629
-0.499796 -2.06252
-0.498796 -2.06214
-0.497796 -2.06177
-0.496796 -2.06141
-0.495796 -2.06106
-0.494796 -2.06071
-0.493796 -2.06037
-0.492796 -2.06003
-0.491796 -2.0597
-0.490796 -2.05938
-0.489796 -2.05906
-0.488796 -2.05875
-0.487796 -2.05844
-0.486796 -2.05814
-0.485796 -2.05784
-0.484796 -2.05755
-0.483796 -2.05727
-0.482796 -2.05699
-0.481796 -2.05671
-0.480796 -2.05644
-0.479796 -2.05617
-0.478796 -2.05591
-0.477796 -2.05565
-0.476796 -2.0554
-0.475796 -2.05515
-0.474796 -2.0549
-0.473796 -2.05466
-0.472796 -2.05442
-0.471796 -2.05419
-0.470796 -2.05396
-0.469796 -2.05373
-0.468796 -2.05351
-0.467796 -2.05328
-0.466796 -2.05307
-0.465796 -2.05285
-0.464796 -2.05264
-0.463796 -2.05243
-0.462796 -2.05223
-0.461796 -2.05203
-0.460796 -2.05183
-0.459796 -2.05163
-0.458796 -2.05144
-0.457796 -2.05125
-0.456796 -2.05106
-0.455796 -2.05087
-0.454796 -2.05069
-0.453796 -2.05051
-0.452796 -2.05033
-0.451796 -2.05016
-0.450796 -2.04998
-0.449796 -2.04981
-0.448796 -2.04964
-0.447796 -2.04948
-0.446796 -2.04931
-0.445796 -2.04915
-0.444796 -2.04899
-0.443796 -2.04883
-0.442796 -2.04868
-0.441796 -2.04852
-0.440796 -2.04837
-0.439796 -2.04822
-0.438796 -2.04807
-0.437796 -2.04793
-0.436796 -2.04778
-0.435796 -2.04764
-0.434796 -2.0475
-0.433796 -2.04736
-0.432796 -2.04722
-0.431796 -2.04708
-0.430796 -2.04695
-0.429796 -2.04681
-0.428796 -2.04668
-0.427796 -2.04655
-0.426796 -2.04642
-0.425796 -2.0463
-0.424796 -2.04617
-0.423796 -2.04605
-0.422796 -2.04592
-0.421796 -2.0458
-0.420796 -2.04568
-0.419796 -2.04556
-0.418796 -2.04544
-0.417796 -2.04533
-0.416796 -2.04521
-0.415796 -2.0451
-0.414796 -2.04499
-0.413796 -2.04487
-0.412796 -2.04476
-0.411796 -2.04465
-0.410796 -2.04455
-0.409796 -2.04444
-0.408796 -2.04433
-0.407796 -2.04423
-0.406796 -2.04413
-0.405796 -2.04402
-0.404796 -2.04392
-0.403796 -2.04382
-0.402796 -2.04372
-0.401796 -2.04362
-0.400796 -2.04352
-0.399796 -2.04343
-0.398796 -2.04333
-0.397796 -2.04324
-0.396796 -2.04314
-0.395796 -2.04305
-0.394796 -2.04296
-0.393796 -2.04287
-0.392796 -2.04278
-0.391796 -2.04269
-0.390796 -2.0426
-0.389796 -2.04251
-0.388796 -2.04243
-0.387796 -2.04234
-0.386796 -2.04225
-0.385796 -2.04217
-0.384796 -2.04209
-0.383796 -2.042
-0.382796 -2.04192
-0.381796 -2.04184
-0.380796 -2.04176
-0.379796 -2.04168
-0.378796 -2.0416
-0.377796 -2.04152
-0.376796 -2.04144
-0.375796 -2.04137
-0.374796 -2.04129
-0.373796 -2.04121
-0.372796 -2.04114
-0.371796 -2.04106
-0.370796 -2.04099
-0.369796 -2.04092
-0.368796 -2.04084
-0.367796 -2.04077
-0.366796 -2.0407
-0.365796 -2.04063
-0.364796 -2.04056
-0.363796 -2.04049
-0.362796 -2.04042
-0.361796 -2.04035
-0.360796 -2.04028
-0.359796 -2.04022
-0.358796 -2.04015
-0.357796 -2.04008
-0.356796 -2.04002
-0.355796 -2.03995
-0.354796 -2.03989
-0.353796 -2.03982
-0.352796 -2.03976
-0.351796 -2.0397
-0.350796 -2.03963
-0.349796 -2.03957
-0.348796 -2.03951
-0.347796 -2.03945
-0.346796 -2.03939
-0.345796 -2.03933
-0.344796 -2.03927
-0.343796 -2.03921
-0.342796 -2.03915
-0.341796 -2.03909
-0.340796 -2.03903
-0.339796 -2.03898
-0.338796 -2.03892
-0.337796 -2.03886
-0.336796 -2.03881
-0.335796 -2.03875
-0.334796 -2.03869
-0.333796 -2.03864
-0.332796 -2.03858
-0.331796 -2.03853
-0.330796 -2.03848
-0.329796 -2.03842
-0.328796 -2.03837
-0.327796 -2.03832
-0.326796 -2.03826
-0.325796 -2.03821
-0.324796 -2.03816
-0.323796 -2.03811
-0.322796 -2.03806
-0.321796 -2.03801
-0.320796 -2.03796
-0.319796 -2.03791
-0.318796 -2.03786
-0.317796 -2.03781
-0.316796 -2.03776
-0.315796 -2.03771
-0.314796 -2.03766
-0.313796 -2.03762
-0.312796 -2.03757
-0.311796 -2.03752
-0.310796 -2.03747
-0.309796 -2.03743
-0.308796 -2.03738
-0.307796 -2.03734
-0.306796 -2.03729
-0.305796 -2.03724
-0.304796 -2.0372
-0.303796 -2.03716
-0.302796 -2.03711
-0.301796 -2.03707
-0.300796 -2.03702
-0.299796 -2.03698
-0.298796 -2.03694
-0.297796 -2.03689
-0.296796 -2.03685
-0.295796 -2.03681
-0.294796 -2.03677
-0.293796 -2.03672
-0.292796 -2.03668
-0.291796 -2.03664
-0.290796 -2.0366
-0.289796 -2.03656
-0.288796 -2.03652
-0.287796 -2.03648
-0.286796 -2.03644
-0.285796 -2.0364
-0.284796 -2.03636
-0.283796 -2.03632
-0.282796 -2.03628
-0.281796 -2.03624
-0.280796 -2.0362
-0.279796 -2.03616
-0.278796 -2.03613
-0.277796 -2.03609
-0.276796 -2.03605
-0.275796 -2.03601
-0.274796 -2.03597
-0.273796 -2.03594
-0.272796 -2.0359
-0.271796 -2.03586
-0.270796 -2.03583
-0.269796 -2.03579
-0.268796 -2.03576
-0.267796 -2.03572
-0.266796 -2.03568
-0.265796 -2.03565
-0.264796 -2.03561
-0.263796 -2.03558
-0.262796 -2.03554
-0.261796 -2.03551
-0.260796 -2.03547
-0.259796 -2.03544
-0.258796 -2.03541
-0.257796 -2.03537
-0.256796 -2.03534
-0.255796 -2.03531
-0.254796 -2.03527
-0.253796 -2.03524
-0.252796 -2.03521
-0.251796 -2.03517
-0.250796 -2.03514
-0.249796 -2.03511
-0.248796 -2.03508
-0.247796 -2.03504
-0.246796 -2.03501
-0.245796 -2.03498
-0.244796 -2.03495
-0.243796 -2.03492
-0.242796 -2.03489
-0.241796 -2.03486
-0.240796 -2.03483
-0.239796 -2.03479
-0.238796 -2.03476
-0.237796 -2.03473
-0.236796 -2.0347
-0.235796 -2.03467
-0.234796 -2.03464
-0.233796 -2.03461
-0.232796 -2.03458
-0.231796 -2.03456
-0.230796 -2.03453
-0.229796 -2.0345
-0.228796 -2.03447
-0.227796 -2.03444
-0.226796 -2.03441
-0.225796 -2.03438
-0.224796 -2.03435
-0.223796 -2.03433
-0.222796 -2.0343
-0.221796 -2.03427
-0.220796 -2.03424
-0.219796 -2.03421
-0.218796 -2.03419
-0.217796 -2.03416
-0.216796 -2.03413
-0.215796 -2.03411
-0.214796 -2.03408
-0.213796 -2.03405
-0.212796 -2.03402
-0.211796 -2.034
-0.210796 -2.03397
-0.209796 -2.03395
-0.208796 -2.03392
-0.207796 -2.03389
-0.206796 -2.03387
-0.205796 -2.03384
-0.204796 -2.03382
-0.203796 -2.03379
-0.202796 -2.03376
-0.201796 -2.03374
-0.200796 -2.03371
-0.199796 -2.03369
-0.198796 -2.03366
-0.197796 -2.03364
-0.196796 -2.03361
-0.195796 -2.03359
-0.194796 -2.03357
-0.193796 -2.03354
-0.192796 -2.03352
-0.191796 -2.03349
-0.190796 -2.03347
-0.189796 -2.03344
-0.188796 -2.03342
-0.187796 -2.0334
-0.186796 -2.03337
-0.185796 -2.03335
-0.184796 -2.03333
-0.183796 -2.0333
-0.182796 -2.03328
-0.181796 -2.03326
-0.180796 -2.03323
-0.179796 -2.03321
-0.178796 -2.03319
-0.177796 -2.03317
-0.176796 -2.03314
-0.175796 -2.03312
-0.174796 -2.0331
-0.173796 -2.03308
-0.172796 -2.03305
-0.171796 -2.03303
-0.170796 -2.03301
-0.169796 -2.03299
-0.168796 -2.03297
-0.167796 -2.03295
-0.166796 -2.03292
-0.165796 -2.0329
-0.164796 -2.03288
-0.163796 -2.03286
-0.162796 -2.03284
-0.161796 -2.03282
-0.160796 -2.0328
-0.159796 -2.03277
-0.158796 -2.03275
-0.157796 -2.03273
-0.156796 -2.03271
-0.155796 -2.03269
-0.154796 -2.03267
-0.153796 -2.03265
-0.152796 -2.03263
-0.151796 -2.03261
-0.150796 -2.03259
-0.149796 -2.03257
-0.148796 -2.03255
-0.147796 -2.03253
-0.146796 -2.03251
-0.145796 -2.03249
-0.144796 -2.03247
-0.143796 -2.03245
-0.142796 -2.03243
-0.141796 -2.03241
-0.140796 -2.03239
-0.139796 -2.03237
-0.138796 -2.03235
-0.137796 -2.03234
-0.136796 -2.03232
-0.135796 -2.0323
-0.134796 -2.03228
-0.133796 -2.03226
-0.132796 -2.03224
-0.131796 -2.03222
-0.130796 -2.0322
-0.129796 -2.03219
-0.128796 -2.03217
-0.127796 -2.03215
-0.126796 -2.03213
-0.125796 -2.03211
-0.124796 -2.03209
-0.123796 -2.03208
-0.122796 -2.03206
-0.121796 -2.03204
-0.120796 -2.03202
-0.119796 -2.032
-0.118796 -2.03199
-0.117796 -2.03197
-0.116796 -2.03195
-0.115796 -2.03193
-0.114796 -2.03192
-0.113796 -2.0319
-0.112796 -2.03188
-0.111796 -2.03186
-0.110796 -2.03185
-0.109796 -2.03183
-0.108796 -2.03181
-0.107796 -2.0318
-0.106796 -2.03178
-0.105796 -2.03176
-0.104796 -2.03174
-0.103796 -2.03173
-0.102796 -2.03171
-0.101796 -2.03169
-0.100796 -2.03168
-0.0997963 -2.03166
-0.0987963 -2.03165
-0.0977963 -2.03163
-0.0967963 -2.03161
-0.0957963 -2.0316
-0.0947963 -2.03158
-0.0937963 -2.03156
-0.0927963 -2.03155
-0.0917963 -2.03153
-0.0907963 -2.03152
-0.0897963 -2.0315
-0.0887963 -2.03148
-0.0877963 -2.03147
-0.0867963 -2.03145
-0.0857963 -2.03144
-0.0847963 -2.03142
-0.0837963 -2.03141
-0.0827963 -2.03139
-0.0817963 -2.03137
-0.0807963 -2.03136
-0.0797963 -2.03134
-0.0787963 -2.03133
-0.0777963 -2.03131
-0.0767963 -2.0313
-0.0757963 -2.03128
-0.0747963 -2.03127
-0.0737963 -2.03125
-0.0727963 -2.03124
-0.0717963 -2.03122
-0.0707963 -2.03121
-0.0697963 -2.03119
-0.0687963 -2.03118
-0.0677963 -2.03116
-0.0667963 -2.03115
-0.0657963 -2.03113
-0.0647963 -2.03112
-0.0637963 -2.0311
-0.0627963 -2.03109
-0.0617963 -2.03108
-0.0607963 -2.03106
-0.0597963 -2.03105
-0.0587963 -2.03103
-0.0577963 -2.03102
-0.0567963 -2.031
-0.0557963 -2.03099
-0.0547963 -2.03098
-0.0537963 -2.03096
-0.0527963 -2.03095
-0.0517963 -2.03093
-0.0507963 -2.03092
-0.0497963 -2.03091
-0.0487963 -2.03089
-0.0477963 -2.03088
-0.0467963 -2.03086
-0.0457963 -2.03085
-0.0447963 -2.03084
-0.0437963 -2.03082
-0.0427963 -2.03081
-0.0417963 -2.0308
-0.0407963 -2.03078
-0.0397963 -2.03077
-0.0387963 -2.03076
-0.0377963 -2.03074
-0.0367963 -2.03073
-0.0357963 -2.03072
-0.0347963 -2.0307
-0.0337963 -2.03069
-0.0327963 -2.03068
-0.0317963 -2.03066
-0.0307963 -2.03065
-0.0297963 -2.03064
-0.0287963 -2.03062
-0.0277963 -2.03061
-0.0267963 -2.0306
-0.0257963 -2.03058
-0.0247963 -2.03057
-0.0237963 -2.03056
-0.0227963 -2.03055
-0.0217963 -2.03053
-0.0207963 -2.03052
-0.0197963 -2.03051
-0.0187963 -2.0305
-0.0177963 -2.03048
-0.0167963 -2.03047
-0.0157963 -2.03046
-0.0147963 -2.03045
-0.0137963 -2.03043
-0.0127963 -2.03042
-0.0117963 -2.03041
-0.0107963 -2.0304
-0.00979633 -2.03038
-0.00879633 -2.03037
-0.00779633 -2.03036
-0.00679633 -2.03035
-0.00579633 -2.03034
-0.00479633 -2.03032
-0.00379633 -2.03031
-0.00279633 -2.0303
-0.00179633 -2.03029
-0.000796327 -2.03028
0.000203673 -2.03026
0.00120367 -2.03025
0.00220367 -2.03024
0.00320367 -2.03023
0.00420367 -2.03022
0.00520367 -2.0302
0.00620367 -2.03019
0.00720367 -2.03018
0.00820367 -2.03017
0.00920367 -2.03016
0.0102037 -2.03015
0.0112037 -2.03013
0.0122037 -2.03012
0.0132037 -2.03011
0.0142037 -2.0301
0.0152037 -2.03009
0.0162037 -2.03008
0.0172037 -2.03007
0.0182037 -2.03005
0.0192037 -2.03004
0.0202037 -2.03003
0.0212037 -2.03002
0.0222037 -2.03001
0.0232037 -2.03
0.0242037 -2.02999
0.0252037 -2.02998
0.0262037 -2.02997
0.0272037 -2.02995
0.0282037 -2.02994
0.0292037 -2.02993
0.0302037 -2.02992
0.0312037 -2.02991
0.0322037 -2.0299
0.0332037 -2.02989
0.0342037 -2.02988
0.0352037 -2.02987
0.0362037 -2.02986
0.0372037 -2.02985
0.0382037 -2.02983
0.0392037 -2.02982
0.0402037 -2.02981
0.0412037 -2.0298
0.0422037 -2.02979
0.0432037 -2.02978
0.0442037 -2.02977
0.0452037 -2.02976
0.0462037 -2.02975
0.0472037 -2.02974
0.0482037 -2.02973
0.0492037 -2.02972
0.0502037 -2.02971
0.0512037 -2.0297
0.0522037 -2.02969
0.0532037 -2.02968
0.0542037 -2.02967
0.0552037 -2.02966
0.0562037 -2.02965
0.0572037 -2.02964
0.0582037 -2.02963
0.0592037 -2.02962
0.0602037 -2.02961
0.0612037 -2.0296
0.0622037 -2.02959
0.0632037 -2.02958
0.0642037 -2.02957
0.0652037 -2.02956
0.0662037 -2.02955
0.0672037 -2.02954
0.0682037 -2.02953
0.0692037 -2.02952
0.0702037 -2.02951
0.0712037 -2.0295
0.0722037 -2.02949
0.0732037 -2.02948
0.0742037 -2.02947
0.0752037 -2.02946
0.0762037 -2.02945
0.0772037 -2.02944
0.0782037 -2.02943
0.0792037 -2.02942
0.0802037 -2.02941
0.0812037 -2.0294
0.0822037 -2.02939
0.0832037 -2.02938
0.0842037 -2.02937
0.0852037 -2.02936
0.0862037 -2.02935
0.0872037 -2.02934
0.0882037 -2.02933
0.0892037 -2.02932
0.0902037 -2.02931
0.0912037 -2.02931
0.0922037 -2.0293
0.0932037 -2.02929
0.0942037 -2.02928
0.0952037 -2.02927
0.0962037 -2.02926
0.0972037 -2.02925
0.0982037 -2.02924
0.0992037 -2.02923
0.100204 -2.02922
0.101204 -2.02921
0.102204 -2.0292
0.103204 -2.0292
0.104204 -2.02919
0.105204 -2.02918
0.106204 -2.02917
0.107204 -2.02916
0.108204 -2.02915
0.109204 -2.02914
0.110204 -2.02913
0.111204 -2.02912
0.112204 -2.02911
0.113204 -2.02911
0.114204 -2.0291
0.115204 -2.02909
0.116204 -2.02908
0.117204 -2.02907
0.118204 -2.02906
0.119204 -2.02905
0.120204 -2.02904
0.121204 -2.02904
0.122204 -2.02903
0.123204 -2.02902
0.124204 -2.02901
0.125204 -2.029
0.126204 -2.02899
0.127204 -2.02898
0.128204 -2.02897
0.129204 -2.02897
0.130204 -2.02896
0.131204 -2.02895
0.132204 -2.02894
0.133204 -2.02893
0.134204 -2.02892
0.135204 -2.02892
0.136204 -2.02891
0.137204 -2.0289
0.138204 -2.02889
0.139204 -2.02888
0.140204 -2.02887
0.141204 -2.02887
0.142204 -2.02886
0.143204 -2.02885
0.144204 -2.02884
0.145204 -2.02883
0.146204 -2.02882
0.147204 -2.02882
0.148204 -2.02881
0.149204 -2.0288
0.150204 -2.02879
0.151204 -2.02878
0.152204 -2.02877
0.153204 -2.02877
0.154204 -2.02876
0.155204 -2.02875
0.156204 -2.02874
0.157204 -2.02873
0.158204 -2.02873
0.159204 -2.02872
0.160204 -2.02871
0.161204 -2.0287
0.162204 -2.02869
0.163204 -2.02869
0.164204 -2.02868
0.165204 -2.02867
0.166204 -2.02866
0.167204 -2.02865
0.168204 -2.02865
0.169204 -2.02864
0.170204 -2.02863
0.171204 -2.02862
0.172204 -2.02862
0.173204 -2.02861
0.174204 -2.0286
0.175204 -2.02859
0.176204 -2.02858
0.177204 -2.02858
0.178204 -2.02857
0.179204 -2.02856
0.180204 -2.02855
0.181204 -2.02855
0.182204 -2.02854
0.183204 -2.02853
0.184204 -2.02852
0.185204 -2.02852
0.186204 -2.02851
0.187204 -2.0285
0.188204 -2.02849
0.189204 -2.02849
0.190204 -2.02848
0.191204 -2.02847
0.192204 -2.02846
0.193204 -2.02846
0.194204 -2.02845
0.195204 -2.02844
0.196204 -2.02843
0.197204 -2.02843
0.198204 -2.02842
0.199204 -2.02841
0.200204 -2.0284
0.201204 -2.0284
0.202204 -2.02839
0.203204 -2.02838
0.204204 -2.02837
0.205204 -2.02837
0.206204 -2.02836
0.207204 -2.02835
0.208204 -2.02834
0.209204 -2.02834
0.210204 -2.02833
0.211204 -2.02832
0.212204 -2.02832
0.213204 -2.02831
0.214204 -2.0283
0.215204 -2.02829
0.216204 -2.02829
0.217204 -2.02828
0.218204 -2.02827
0.219204 -2.02827
0.220204 -2.02826
0.221204 -2.02825
0.222204 -2.02824
0.223204 -2.02824
0.224204 -2.02823
0.225204 -2.02822
0.226204 -2.02822
0.227204 -2.02821
0.228204 -2.0282
0.229204 -2.0282
0.230204 -2.02819
0.231204 -2.02818
0.232204 -2.02817
0.233204 -2.02817
0.234204 -2.02816
0.235204 -2.02815
0.236204 -2.02815
0.237204 -2.02814
0.238204 -2.02813
0.239204 -2.02813
0.240204 -2.02812
0.241204 -2.02811
0.242204 -2.02811
0.243204 -2.0281
0.244204 -2.02809
0.245204 -2.02809
0.246204 -2.02808
0.247204 -2.02807
0.248204 -2.02807
0.249204 -2.02806
0.250204 -2.02805
0.251204 -2.02805
0.252204 -2.02804
0.253204 -2.02803
0.254204 -2.02803
0.255204 -2.02802
0.256204 -2.02801
0.257204 -2.02801
0.258204 -2.028
0.259204 -2.02799
0.260204 -2.02799
0.261204 -2.02798
0.262204 -2.02797
0.263204 -2.02797
0.264204 -2.02796
0.265204 -2.02795
0.266204 -2.02795
0.267204 -2.02794
0.268204 -2.02793
0.269204 -2.02793
0.270204 -2.02792
0.271204 -2.02791
0.272204 -2.02791
0.273204 -2.0279
0.274204 -2.02789
0.275204 -2.02789
0.276204 -2.02788
0.277204 -2.02787
0.278204 -2.02787
0.279204 -2.02786
0.280204 -2.02786
0.281204 -2.02785
0.282204 -2.02784
0.283204 -2.02784
0.284204 -2.02783
0.285204 -2.02782
0.286204 -2.02782
0.287204 -2.02781
0.288204 -2.0278
0.289204 -2.0278
0.290204 -2.02779
0.291204 -2.02779
0.292204 -2.02778
0.293204 -2.02777
0.294204 -2.02777
0.295204 -2.02776
0.296204 -2.02775
0.297204 -2.02775
0.298204 -2.02774
0.299204 -2.02774
0.300204 -2.02773
0.301204 -2.02772
0.302204 -2.02772
0.303204 -2.02771
0.304204 -2.02771
0.305204 -2.0277
0.306204 -2.02769
0.307204 -2.02769
0.308204 -2.02768
0.309204 -2.02767
0.310204 -2.02767
0.311204 -2.02766
0.312204 -2.02766
0.313204 -2.02765
0.314204 -2.02764
0.315204 -2.02764
0.316204 -2.02763
0.317204 -2.02763
0.318204 -2.02762
0.319204 -2.02761
0.320204 -2.02761
0.321204 -2.0276
0.322204 -2.0276
0.323204 -2.02759
0.324204 -2.02758
0.325204 -2.02758
0.326204 -2.02757
0.327204 -2.02757
0.328204 -2.02756
0.329204 -2.02755
0.330204 -2.02755
0.331204 -2.02754
0.332204 -2.02754
0.333204 -2.02753
0.334204 -2.02753
0.335204 -2.02752
0.336204 -2.02751
0.337204 -2.02751
0.338204 -2.0275
0.339204 -2.0275
0.340204 -2.02749
0.341204 -2.02748
0.342204 -2.02748
0.343204 -2.02747
0.344204 -2.02747
0.345204 -2.02746
0.346204 -2.02746
0.347204 -2.02745
0.348204 -2.02744
0.349204 -2.02744
0.350204 -2.02743
0.351204 -2.02743
0.352204 -2.02742
0.353204 -2.02742
0.354204 -2.02741
0.355204 -2.0274
0.356204 -2.0274
0.357204 -2.02739
0.358204 -2.02739
0.359204 -2.02738
0.360204 -2.02738
0.361204 -2.02737
0.362204 -2.02736
0.363204 -2.02736
0.364204 -2.02735
0.365204 -2.02735
0.366204 -2.02734
0.367204 -2.02734
0.368204 -2.02733
0.369204 -2.02732
0.370204 -2.02732
0.371204 -2.02731
0.372204 -2.02731
0.373204 -2.0273
0.374204 -2.0273
0.375204 -2.02729
0.376204 -2.02729
0.377204 -2.02728
0.378204 -2.02728
0.379204 -2.02727
0.380204 -2.02726
0.381204 -2.02726
0.382204 -2.02725
0.383204 -2.02725
0.384204 -2.02724
0.385204 -2.02724
0.386204 -2.02723
0.387204 -2.02723
0.388204 -2.02722
0.389204 -2.02721
0.390204 -2.02721
0.391204 -2.0272
0.392204 -2.0272
0.393204 -2.02719
0.394204 -2.02719
0.395204 -2.02718
0.396204 -2.02718
0.397204 -2.02717
0.398204 -2.02717
0.399204 -2.02716
0.400204 -2.02716
0.401204 -2.02715
0.402204 -2.02714
0.403204 -2.02714
0.404204 -2.02713
0.405204 -2.02713
0.406204 -2.02712
0.407204 -2.02712
0.408204 -2.02711
0.409204 -2.02711
0.410204 -2.0271
0.411204 -2.0271
0.412204 -2.02709
0.413204 -2.02709
0.414204 -2.02708
0.415204 -2.02708
0.416204 -2.02707
0.417204 -2.02707
0.418204 -2.02706
0.419204 -2.02706
0.420204 -2.02705
0.421204 -2.02704
0.422204 -2.02704
0.423204 -2.02703
0.424204 -2.02703
0.425204 -2.02702
0.426204 -2.02702
0.427204 -2.02701
0.428204 -2.02701
0.429204 -2.027
0.430204 -2.027
0.431204 -2.02699
0.432204 -2.02699
0.433204 -2.02698
0.434204 -2.02698
0.435204 -2.02697
0.436204 -2.02697
0.437204 -2.02696
0.438204 -2.02696
0.439204 -2.02695
0.440204 -2.02695
0.441204 -2.02694
0.442204 -2.02694
0.443204 -2.02693
0.444204 -2.02693
0.445204 -2.02692
0.446204 -2.02692
0.447204 -2.02691
0.448204 -2.02691
0.449204 -2.0269
0.450204 -2.0269
0.451204 -2.02689
0.452204 -2.02689
0.453204 -2.02688
0.454204 -2.02688
0.455204 -2.02687
0.456204 -2.02687
0.457204 -2.02686
0.458204 -2.02686
0.459204 -2.02685
0.460204 -2.02685
0.461204 -2.02684
0.462204 -2.02684
0.463204 -2.02683
0.464204 -2.02683
0.465204 -2.02682
0.466204 -2.02682
0.467204 -2.02681
0.468204 -2.02681
0.469204 -2.0268
0.470204 -2.0268
0.471204 -2.02679
0.472204 -2.02679
0.473204 -2.02678
0.474204 -2.02678
0.475204 -2.02677
0.476204 -2.02677
0.477204 -2.02676
0.478204 -2.02676
0.479204 -2.02675
0.480204 -2.02675
0.481204 -2.02674
0.482204 -2.02674
0.483204 -2.02673
0.484204 -2.02673
0.485204 -2.02672
0.486204 -2.02672
0.487204 -2.02671
0.488204 -2.02671
0.489204 -2.0267
0.490204 -2.0267
0.491204 -2.02669
0.492204 -2.02669
0.493204 -2.02668
0.494204 -2.02668
0.495204 -2.02667
0.496204 -2.02667
0.497204 -2.02667
0.498204 -2.02666
0.499204 -2.02666
0.500204 -2.02665
0.501204 -2.02665
0.502204 -2.02664
0.503204 -2.02664
0.504204 -2.02663
0.505204 -2.02663
0.506204 -2.02662
0.507204 -2.02662
0.508204 -2.02661
0.509204 -2.02661
0.510204 -2.0266
0.511204 -2.0266
0.512204 -2.02659
0.513204 -2.02659
0.514204 -2.02658
0.515204 -2.02658
0.516204 -2.02658
0.517204 -2.02657
0.518204 -2.02657
0.519204 -2.02656
0.520204 -2.02656
0.521204 -2.02655
0.522204 -2.02655
0.523204 -2.02654
0.524204 -2.02654
0.525204 -2.02653
0.526204 -2.02653
0.527204 -2.02652
0.528204 -2.02652
0.529204 -2.02651
0.530204 -2.02651
0.531204 -2.02651
0.532204 -2.0265
0.533204 -2.0265
0.534204 -2.02649
0.535204 -2.02649
0.536204 -2.02648
0.537204 -2.02648
0.538204 -2.02647
0.539204 -2.02647
0.540204 -2.02646
0.541204 -2.02646
0.542204 -2.02645
0.543204 -2.02645
0.544204 -2.02645
0.545204 -2.02644
0.546204 -2.02644
0.547204 -2.02643
0.548204 -2.02643
0.549204 -2.02642
0.550204 -2.02642
0.551204 -2.02641
0.552204 -2.02641
0.553204 -2.0264
0.554204 -2.0264
0.555204 -2.0264
0.556204 -2.02639
0.557204 -2.02639
0.558204 -2.02638
0.559204 -2.02638
0.560204 -2.02637
0.561204 -2.02637
0.562204 -2.02636
0.563204 -2.02636
0.564204 -2.02635
0.565204 -2.02635
0.566204 -2.02635
0.567204 -2.02634
0.568204 -2.02634
0.569204 -2.02633
0.570204 -2.02633
0.571204 -2.02632
0.572204 -2.02632
0.573204 -2.02631
0.574204 -2.02631
0.575204 -2.02631
0.576204 -2.0263
0.577204 -2.0263
0.578204 -2.02629
0.579204 -2.02629
0.580204 -2.02628
0.581204 -2.02628
0.582204 -2.02627
0.583204 -2.02627
0.584204 -2.02627
0.585204 -2.02626
0.586204 -2.02626
0.587204 -2.02625
0.588204 -2.02625
0.589204 -2.02624
0.590204 -2.02624
0.591204 -2.02623
0.592204 -2.02623
0.593204 -2.02623
0.594204 -2.02622
0.595204 -2.02622
0.596204 -2.02621
0.597204 -2.02621
0.598204 -2.0262
0.599204 -2.0262
0.600204 -2.0262
0.601204 -2.02619
0.602204 -2.02619
0.603204 -2.02618
0.604204 -2.02618
0.605204 -2.02617
0.606204 -2.02617
0.607204 -2.02616
0.608204 -2.02616
0.609204 -2.02616
0.610204 -2.02615
0.611204 -2.02615
0.612204 -2.02614
0.613204 -2.02614
0.614204 -2.02613
0.615204 -2.02613
0.616204 -2.02613
0.617204 -2.02612
0.618204 -2.02612
0.619204 -2.02611
0.620204 -2.02611
0.621204 -2.0261
0.622204 -2.0261
0.623204 -2.0261
0.624204 -2.02609
0.625204 -2.02609
0.626204 -2.02608
0.627204 -2.02608
0.628204 -2.02607
0.629204 -2.02607
0.630204 -2.02607
0.631204 -2.02606
0.632204 -2.02606
0.633204 -2.02605
0.634204 -2.02605
0.635204 -2.02604
0.636204 -2.02604
0.637204 -2.02604
0.638204 -2.02603
0.639204 -2.02603
0.640204 -2.02602
0.641204 -2.02602
0.642204 -2.02601
0.643204 -2.02601
0.644204 -2.02601
0.645204 -2.026
0.646204 -2.026
0.647204 -2.02599
0.648204 -2.02599
0.649204 -2.02599
0.650204 -2.02598
0.651204 -2.02598
0.652204 -2.02597
0.653204 -2.02597
0.654204 -2.02596
0.655204 -2.02596
0.656204 -2.02596
0.657204 -2.02595
0.658204 -2.02595
0.659204 -2.02594
0.660204 -2.02594
0.661204 -2.02593
0.662204 -2.02593
0.663204 -2.02593
0.664204 -2.02592
0.665204 -2.02592
0.666204 -2.02591
0.667204 -2.02591
0.668204 -2.02591
0.669204 -2.0259
0.670204 -2.0259
0.671204 -2.02589
0.672204 -2.02589
0.673204 -2.02588
0.674204 -2.02588
0.675204 -2.02588
0.676204 -2.02587
0.677204 -2.02587
0.678204 -2.02586
0.679204 -2.02586
0.680204 -2.02586
0.681204 -2.02585
0.682204 -2.02585
0.683204 -2.02584
0.684204 -2.02584
0.685204 -2.02584
0.686204 -2.02583
0.687204 -2.02583
0.688204 -2.02582
0.689204 -2.02582
0.690204 -2.02581
0.691204 -2.02581
0.692204 -2.02581
0.693204 -2.0258
0.694204 -2.0258
0.695204 -2.02579
0.696204 -2.02579
0.697204 -2.02579
0.698204 -2.02578
0.699204 -2.02578
0.700204 -2.02577
0.701204 -2.02577
0.702204 -2.02577
0.703204 -2.02576
0.704204 -2.02576
0.705204 -2.02575
0.706204 -2.02575
0.707204 -2.02575
0.708204 -2.02574
0.709204 -2.02574
0.710204 -2.02573
0.711204 -2.02573
0.712204 -2.02572
0.713204 -2.02572
0.714204 -2.02572
0.715204 -2.02571
0.716204 -2.02571
0.717204 -2.0257
0.718204 -2.0257
0.719204 -2.0257
0.720204 -2.02569
0.721204 -2.02569
0.722204 -2.02568
0.723204 -2.02568
0.724204 -2.02568
0.725204 -2.02567
0.726204 -2.02567
0.727204 -2.02566
0.728204 -2.02566
0.729204 -2.02566
0.730204 -2.02565
0.731204 -2.02565
0.732204 -2.02564
0.733204 -2.02564
0.734204 -2.02564
0.735204 -2.02563
0.736204 -2.02563
0.737204 -2.02562
0.738204 -2.02562
0.739204 -2.02562
0.740204 -2.02561
0.741204 -2.02561
0.742204 -2.0256
0.743204 -2.0256
0.744204 -2.0256
0.745204 -2.02559
0.746204 -2.02559
0.747204 -2.02558
0.748204 -2.02558
0.749204 -2.02558
0.750204 -2.02557
0.751204 -2.02557
0.752204 -2.02556
0.753204 -2.02556
0.754204 -2.02556
0.755204 -2.02555
0.756204 -2.02555
0.757204 -2.02554
0.758204 -2.02554
0.759204 -2.02554
0.760204 -2.02553
0.761204 -2.02553
0.762204 -2.02552
0.763204 -2.02552
0.764204 -2.02552
0.765204 -2.02551
0.766204 -2.02551
0.767204 -2.0255
0.768204 -2.0255
0.769204 -2.0255
0.770204 -2.02549
0.771204 -2.02549
0.772204 -2.02549
0.773204 -2.02548
0.774204 -2.02548
0.775204 -2.02547
0.776204 -2.02547
0.777204 -2.02547
0.778204 -2.02546
0.779204 -2.02546
0.780204 -2.02545
0.781204 -2.02545
0.782204 -2.02545
0.783204 -2.02544
0.784204 -2.02544
0.785204 -2.02543
0.786204 -2.02543
0.787204 -2.02543
0.788204 -2.02542
0.789204 -2.02542
0.790204 -2.02541
0.791204 -2.02541
0.792204 -2.02541
0.793204 -2.0254
0.794204 -2.0254
0.795204 -2.02539
0.796204 -2.02539
0.797204 -2.02539
0.798204 -2.02538
0.799204 -2.02538
0.800204 -2.02538
0.801204 -2.02537
0.802204 -2.02537
0.803204 -2.02536
0.804204 -2.02536
0.805204 -2.02536
0.806204 -2.02535
0.807204 -2.02535
0.808204 -2.02534
0.809204 -2.02534
0.810204 -2.02534
0.811204 -2.02533
0.812204 -2.02533
0.813204 -2.02532
0.814204 -2.02532
0.815204 -2.02532
0.816204 -2.02531
0.817204 -2.02531
0.818204 -2.02531
0.819204 -2.0253
0.820204 -2.0253
0.821204 -2.02529
0.822204 -2.02529
0.823204 -2.02529
0.824204 -2.02528
0.825204 -2.02528
0.826204 -2.02527
0.827204 -2.02527
0.828204 -2.02527
0.829204 -2.02526
0.830204 -2.02526
0.831204 -2.02525
0.832204 -2.02525
0.833204 -2.02525
0.834204 -2.02524
0.835204 -2.02524
0.836204 -2.02524
0.837204 -2.02523
0.838204 -2.02523
0.839204 -2.02522
0.840204 -2.02522
0.841204 -2.02522
0.842204 -2.02521
0.843204 -2.02521
0.844204 -2.0252
0.845204 -2.0252
0.846204 -2.0252
0.847204 -2.02519
0.848204 -2.02519
0.849204 -2.02519
0.850204 -2.02518
0.851204 -2.02518
0.852204 -2.02517
0.853204 -2.02517
0.854204 -2.02517
0.855204 -2.02516
0.856204 -2.02516
0.857204 -2.02515
0.858204 -2.02515
0.859204 -2.02515
0.860204 -2.02514
0.861204 -2.02514
0.862204 -2.02514
0.863204 -2.02513
0.864204 -2.02513
0.865204 -2.02512
0.866204 -2.02512
0.867204 -2.02512
0.868204 -2.02511
0.869204 -2.02511
0.870204 -2.0251
0.871204 -2.0251
0.872204 -2.0251
0.873204 -2.02509
0.874204 -2.02509
0.875204 -2.02509
0.876204 -2.02508
0.877204 -2.02508
0.878204 -2.02507
0.879204 -2.02507
0.880204 -2.02507
0.881204 -2.02506
0.882204 -2.02506
0.883204 -2.02506
0.884204 -2.02505
0.885204 -2.02505
0.886204 -2.02504
0.887204 -2.02504
0.888204 -2.02504
0.889204 -2.02503
0.890204 -2.02503
0.891204 -2.02502
0.892204 -2.02502
0.893204 -2.02502
0.894204 -2.02501
0.895204 -2.02501
0.896204 -2.02501
0.897204 -2.025
0.898204 -2.025
0.899204 -2.02499
0.900204 -2.02499
0.901204 -2.02499
0.902204 -2.02498
0.903204 -2.02498
0.904204 -2.02497
0.905204 -2.02497
0.906204 -2.02497
0.907204 -2.02496
0.908204 -2.02496
0.909204 -2.02496
0.910204 -2.02495
0.911204 -2.02495
0.912204 -2.02494
0.913204 -2.02494
0.914204 -2.02494
0.915204 -2.02493
0.916204 -2.02493
0.917204 -2.02493
0.918204 -2.02492
0.919204 -2.02492
0.920204 -2.02491
0.921204 -2.02491
0.922204 -2.02491
0.923204 -2.0249
0.924204 -2.0249
0.925204 -2.0249
0.926204 -2.02489
0.927204 -2.02489
0.928204 -2.02488
0.929204 -2.02488
0.930204 -2.02488
0.931204 -2.02487
0.932204 -2.02487
0.933204 -2.02486
0.934204 -2.02486
0.935204 -2.02486
0.936204 -2.02485
0.937204 -2.02485
0.938204 -2.02485
0.939204 -2.02484
0.940204 -2.02484
0.941204 -2.02483
0.942204 -2.02483
0.943204 -2.02483
0.944204 -2.02482
0.945204 -2.02482
0.946204 -2.02482
0.947204 -2.02481
0.948204 -2.02481
0.949204 -2.0248
0.950204 -2.0248
0.951204 -2.0248
0.952204 -2.02479
0.953204 -2.02479
0.954204 -2.02479
0.955204 -2.02478
0.956204 -2.02478
0.957204 -2.02477
0.958204 -2.02477
0.959204 -2.02477
0.960204 -2.02476
0.961204 -2.02476
0.962204 -2.02475
0.963204 -2.02475
0.964204 -2.02475
0.965204 -2.02474
0.966204 -2.02474
0.967204 -2.02474
0.968204 -2.02473
0.969204 -2.02473
0.970204 -2.02472
0.971204 -2.02472
0.972204 -2.02472
0.973204 -2.02471
0.974204 -2.02471
0.975204 -2.02471
0.976204 -2.0247
0.977204 -2.0247
0.978204 -2.02469
0.979204 -2.02469
0.980204 -2.02469
0.981204 -2.02468
0.982204 -2.02468
0.983204 -2.02468
0.984204 -2.02467
0.985204 -2.02467
0.986204 -2.02466
0.987204 -2.02466
0.988204 -2.02466
0.989204 -2.02465
0.990204 -2.02465
0.991204 -2.02464
0.992204 -2.02464
0.993204 -2.02464
0.994204 -2.02463
0.995204 -2.02463
0.996204 -2.02463
0.997204 -2.02462
0.998204 -2.02462
0.999204 -2.02461
1.0002 -2.02461
1.0012 -2.02461
1.0022 -2.0246
1.0032 -2.0246
1.0042 -2.0246
1.0052 -2.02459
1.0062 -2.02459
1.0072 -2.02458
1.0082 -2.02458
1.0092 -2.02458
1.0102 -2.02457
1.0112 -2.02457
1.0122 -2.02457
1.0132 -2.02456
1.0142 -2.02456
1.0152 -2.02455
1.0162 -2.02455
1.0172 -2.02455
1.0182 -2.02454
1.0192 -2.02454
1.0202 -2.02453
1.0212 -2.02453
1.0222 -2.02453
1.0232 -2.02452
1.0242 -2.02452
1.0252 -2.02452
1.0262 -2.02451
1.0272 -2.02451
1.0282 -2.0245
1.0292 -2.0245
1.0302 -2.0245
1.0312 -2.02449
1.0322 -2.02449
1.0332 -2.02449
1.0342 -2.02448
1.0352 -2.02448
1.0362 -2.02447
1.0372 -2.02447
1.0382 -2.02447
1.0392 -2.02446
1.0402 -2.02446
1.0412 -2.02445
1.0422 -2.02445
1.0432 -2.02445
1.0442 -2.02444
1.0452 -2.02444
1.0462 -2.02444
1.0472 -2.02443
1.0482 -2.02443
1.0492 -2.02442
1.0502 -2.02442
1.0512 -2.02442
1.0522 -2.02441
1.0532 -2.02441
1.0542 -2.02441
1.0552 -2.0244
1.0562 -2.0244
1.0572 -2.02439
1.0582 -2.02439
1.0592 -2.02439
1.0602 -2.02438
1.0612 -2.02438
1.0622 -2.02437
1.0632 -2.02437
1.0642 -2.02437
1.0652 -2.02436
1.0662 -2.02436
1.0672 -2.02436
1.0682 -2.02435
1.0692 -2.02435
1.0702 -2.02434
1.0712 -2.02434
1.0722 -2.02434
1.0732 -2.02433
1.0742 -2.02433
1.0752 -2.02432
1.0762 -2.02432
1.0772 -2.02432
1.0782 -2.02431
1.0792 -2.02431
1.0802 -2.02431
1.0812 -2.0243
1.0822 -2.0243
1.0832 -2.02429
1.0842 -2.02429
1.0852 -2.02429
1.0862 -2.02428
1.0872 -2.02428
1.0882 -2.02428
1.0892 -2.02427
1.0902 -2.02427
1.0912 -2.02426
1.0922 -2.02426
1.0932 -2.02426
1.0942 -2.02425
1.0952 -2.02425
1.0962 -2.02424
1.0972 -2.02424
1.0982 -2.02424
1.0992 -2.02423
1.1002 -2.02423
1.1012 -2.02422
1.1022 -2.02422
1.1032 -2.02422
1.1042 -2.02421
1.1052 -2.02421
1.1062 -2.02421
1.1072 -2.0242
1.1082 -2.0242
1.1092 -2.02419
1.1102 -2.02419
1.1112 -2.02419
1.1122 -2.02418
1.1132 -2.02418
1.1142 -2.02417
1.1152 -2.02417
1.1162 -2.02417
1.1172 -2.02416
1.1182 -2.02416
1.1192 -2.02416
1.1202 -2.02415
1.1212 -2.02415
1.1222 -2.02414
1.1232 -2.02414
1.1242 -2.02414
1.1252 -2.02413
1.1262 -2.02413
1.1272 -2.02412
1.1282 -2.02412
1.1292 -2.02412
1.1302 -2.02411
1.1312 -2.02411
1.1322 -2.0241
1.1332 -2.0241
1.1342 -2.0241
1.1352 -2.02409
1.1362 -2.02409
1.1372 -2.02409
1.1382 -2.02408
1.1392 -2.02408
1.1402 -2.02407
1.1412 -2.02407
1.1422 -2.02407
1.1432 -2.02406
1.1442 -2.02406
1.1452 -2.02405
1.1462 -2.02405
1.1472 -2.02405
1.1482 -2.02404
1.1492 -2.02404
1.1502 -2.02403
1.1512 -2.02403
1.1522 -2.02403
1.1532 -2.02402
1.1542 -2.02402
1.1552 -2.02402
1.1562 -2.02401
1.1572 -2.02401
1.1582 -2.024
1.1592 -2.024
1.1602 -2.024
1.1612 -2.02399
1.1622 -2.02399
1.1632 -2.02398
1.1642 -2.02398
1.1652 -2.02398
1.1662 -2.02397
1.1672 -2.02397
1.1682 -2.02396
1.1692 -2.02396
1.1702 -2.02396
1.1712 -2.02395
1.1722 -2.02395
1.1732 -2.02394
1.1742 -2.02394
1.1752 -2.02394
1.1762 -2.02393
1.1772 -2.02393
1.1782 -2.02392
1.1792 -2.02392
1.1802 -2.02392
1.1812 -2.02391
1.1822 -2.02391
1.1832 -2.0239
1.1842 -2.0239
1.1852 -2.0239
1.1862 -2.02389
1.1872 -2.02389
1.1882 -2.02388
1.1892 -2.02388
1.1902 -2.02388
1.1912 -2.02387
1.1922 -2.02387
1.1932 -2.02386
1.1942 -2.02386
1.1952 -2.02386
1.1962 -2.02385
1.1972 -2.02385
1.1982 -2.02384
1.1992 -2.02384
1.2002 -2.02384
1.2012 -2.02383
1.2022 -2.02383
1.2032 -2.02382
1.2042 -2.02382
1.2052 -2.02382
1.2062 -2.02381
1.2072 -2.02381
1.2082 -2.0238
1.2092 -2.0238
1.2102 -2.0238
1.2112 -2.02379
1.2122 -2.02379
1.2132 -2.02378
1.2142 -2.02378
1.2152 -2.02378
1.2162 -2.02377
1.2172 -2.02377
1.2182 -2.02376
1.2192 -2.02376
1.2202 -2.02376
1.2212 -2.02375
1.2222 -2.02375
1.2232 -2.02374
1.2242 -2.02374
1.2252 -2.02374
1.2262 -2.02373
1.2272 -2.02373
1.2282 -2.02372
1.2292 -2.02372
1.2302 -2.02372
1.2312 -2.02371
1.2322 -2.02371
1.2332 -2.0237
1.2342 -2.0237
1.2352 -2.0237
1.2362 -2.02369
1.2372 -2.02369
1.2382 -2.02368
1.2392 -2.02368
1.2402 -2.02368
1.2412 -2.02367
1.2422 -2.02367
1.2432 -2.02366
1.2442 -2.02366
1.2452 -2.02366
1.2462 -2.02365
1.2472 -2.02365
1.2482 -2.02364
1.2492 -2.02364
1.2502 -2.02363
1.2512 -2.02363
1.2522 -2.02363
1.2532 -2.02362
1.2542 -2.02362
1.2552 -2.02361
1.2562 -2.02361
1.2572 -2.02361
1.2582 -2.0236
1.2592 -2.0236
1.2602 -2.02359
1.2612 -2.02359
1.2622 -2.02359
1.2632 -2.02358
1.2642 -2.02358
1.2652 -2.02357
1.2662 -2.02357
1.2672 -2.02356
1.2682 -2.02356
1.2692 -2.02356
1.2702 -2.02355
1.2712 -2.02355
1.2722 -2.02354
1.2732 -2.02354
1.2742 -2.02354
1.2752 -2.02353
1.2762 -2.02353
1.2772 -2.02352
1.2782 -2.02352
1.2792 -2.02351
1.2802 -2.02351
1.2812 -2.02351
1.2822 -2.0235
1.2832 -2.0235
1.2842 -2.02349
1.2852 -2.02349
1.2862 -2.02349
1.2872 -2.02348
1.2882 -2.02348
1.2892 -2.02347
1.2902 -2.02347
1.2912 -2.02346
1.2922 -2.02346
1.2932 -2.02346
1.2942 -2.02345
1.2952 -2.02345
1.2962 -2.02344
1.2972 -2.02344
1.2982 -2.02343
1.2992 -2.02343
1.3002 -2.02343
1.3012 -2.02342
1.3022 -2.02342
1.3032 -2.02341
1.3042 -2.02341
1.3052 -2.02341
1.3062 -2.0234
1.3072 -2.0234
1.3082 -2.02339
1.3092 -2.02339
1.3102 -2.02338
1.3112 -2.02338
1.3122 -2.02338
1.3132 -2.02337
1.3142 -2.02337
1.3152 -2.02336
1.3162 -2.02336
1.3172 -2.02335
1.3182 -2.02335
1.3192 -2.02335
1.3202 -2.02334
1.3212 -2.02334
1.3222 -2.02333
1.3232 -2.02333
1.3242 -2.02332
1.3252 -2.02332
1.3262 -2.02332
1.3272 -2.02331
1.3282 -2.02331
1.3292 -2.0233
1.3302 -2.0233
1.3312 -2.02329
1.3322 -2.02329
1.3332 -2.02328
1.3342 -2.02328
1.3352 -2.02328
1.3362 -2.02327
1.3372 -2.02327
1.3382 -2.02326
1.3392 -2.02326
1.3402 -2.02325
1.3412 -2.02325
1.3422 -2.02325
1.3432 -2.02324
1.3442 -2.02324
1.3452 -2.02323
1.3462 -2.02323
1.3472 -2.02322
1.3482 -2.02322
1.3492 -2.02322
1.3502 -2.02321
1.3512 -2.02321
1.3522 -2.0232
1.3532 -2.0232
1.3542 -2.02319
1.3552 -2.02319
1.3562 -2.02318
1.3572 -2.02318
1.3582 -2.02318
1.3592 -2.02317
1.3602 -2.02317
1.3612 -2.02316
1.3622 -2.02316
1.3632 -2.02315
1.3642 -2.02315
1.3652 -2.02314
1.3662 -2.02314
1.3672 -2.02314
1.3682 -2.02313
1.3692 -2.02313
1.3702 -2.02312
1.3712 -2.02312
1.3722 -2.02311
1.3732 -2.02311
1.3742 -2.0231
1.3752 -2.0231
1.3762 -2.0231
1.3772 -2.02309
1.3782 -2.02309
1.3792 -2.02308
1.3802 -2.02308
1.3812 -2.02307
1.3822 -2.02307
1.3832 -2.02306
1.3842 -2.02306
1.3852 -2.02305
1.3862 -2.02305
1.3872 -2.02305
1.3882 -2.02304
1.3892 -2.02304
1.3902 -2.02303
1.3912 -2.02303
1.3922 -2.02302
1.3932 -2.02302
1.3942 -2.02301
1.3952 -2.02301
1.3962 -2.023
1.3972 -2.023
1.3982 -2.023
1.3992 -2.02299
1.4002 -2.02299
1.4012 -2.02298
1.4022 -2.02298
1.4032 -2.02297
1.4042 -2.02297
1.4052 -2.02296
1.4062 -2.02296
1.4072 -2.02295
1.4082 -2.02295
1.4092 -2.02295
1.4102 -2.02294
1.4112 -2.02294
1.4122 -2.02293
1.4132 -2.02293
1.4142 -2.02292
1.4152 -2.02292
1.4162 -2.02291
1.4172 -2.02291
1.4182 -2.0229
1.4192 -2.0229
1.4202 -2.02289
1.4212 -2.02289
1.4222 -2.02288
1.4232 -2.02288
1.4242 -2.02288
1.4252 -2.02287
1.4262 -2.02287
1.4272 -2.02286
1.4282 -2.02286
1.4292 -2.02285
1.4302 -2.02285
1.4312 -2.02284
1.4322 -2.02284
1.4332 -2.02283
1.4342 -2.02283
1.4352 -2.02282
1.4362 -2.02282
1.4372 -2.02281
1.4382 -2.02281
1.4392 -2.0228
1.4402 -2.0228
1.4412 -2.02279
1.4422 -2.02279
1.4432 -2.02279
1.4442 -2.02278
1.4452 -2.02278
1.4462 -2.02277
1.4472 -2.02277
1.4482 -2.02276
1.4492 -2.02276
1.4502 -2.02275
1.4512 -2.02275
1.4522 -2.02274
1.4532 -2.02274
1.4542 -2.02273
1.4552 -2.02273
1.4562 -2.02272
1.4572 -2.02272
1.4582 -2.02271
1.4592 -2.02271
1.4602 -2.0227
1.4612 -2.0227
1.4622 -2.02269
1.4632 -2.02269
1.4642 -2.02268
1.4652 -2.02268
1.4662 -2.02267
1.4672 -2.02267
1.4682 -2.02266
1.4692 -2.02266
1.4702 -2.02265
1.4712 -2.02265
1.4722 -2.02264
1.4732 -2.02264
1.4742 -2.02263
1.4752 -2.02263
1.4762 -2.02262
1.4772 -2.02262
1.4782 -2.02261
1.4792 -2.02261
1.4802 -2.02261
1.4812 -2.0226
1.4822 -2.0226
1.4832 -2.02259
1.4842 -2.02259
1.4852 -2.02258
1.4862 -2.02258
1.4872 -2.02257
1.4882 -2.02257
1.4892 -2.02256
1.4902 -2.02256
1.4912 -2.02255
1.4922 -2.02254
1.4932 -2.02254
1.4942 -2.02253
1.4952 -2.02253
1.4962 -2.02252
1.4972 -2.02252
1.4982 -2.02251
1.4992 -2.02251
1.5002 -2.0225
1.5012 -2.0225
1.5022 -2.02249
1.5032 -2.02249
1.5042 -2.02248
1.5052 -2.02248
1.5062 -2.02247
1.5072 -2.02247
1.5082 -2.02246
1.5092 -2.02246
1.5102 -2.02245
1.5112 -2.02245
1.5122 -2.02244
1.5132 -2.02244
1.5142 -2.02243
1.5152 -2.02243
1.5162 -2.02242
1.5172 -2.02242
1.5182 -2.02241
1.5192 -2.02241
1.5202 -2.0224
1.5212 -2.0224
1.5222 -2.02239
1.5232 -2.02239
1.5242 -2.02238
1.5252 -2.02238
1.5262 -2.02237
1.5272 -2.02236
1.5282 -2.02236
1.5292 -2.02235
1.5302 -2.02235
1.5312 -2.02234
1.5322 -2.02234
1.5332 -2.02233
1.5342 -2.02233
1.5352 -2.02232
1.5362 -2.02232
1.5372 -2.02231
1.5382 -2.02231
1.5392 -2.0223
1.5402 -2.0223
1.5412 -2.02229
1.5422 -2.02229
1.5432 -2.02228
1.5442 -2.02227
1.5452 -2.02227
1.5462 -2.02226
1.5472 -2.02226
1.5482 -2.02225
1.5492 -2.02225
1.5502 -2.02224
1.5512 -2.02224
1.5522 -2.02223
1.5532 -2.02223
1.5542 -2.02222
1.5552 -2.02222
1.5562 -2.02221
1.5572 -2.0222
1.5582 -2.0222
1.5592 -2.02219
1.5602 -2.02219
1.5612 -2.02218
1.5622 -2.02218
1.5632 -2.02217
1.5642 -2.02217
1.5652 -2.02216
1.5662 -2.02215
1.5672 -2.02215
1.5682 -2.02214
1.5692 -2.02214
1.5702 -2.02213
