-1.5708 -9.98524
-1.5698 -9.98524
-1.5688 -9.98524
-1.5678 -9.98524
-1.5668 -9.98524
-1.5658 -9.98524
-1.5648 -9.98524
-1.5638 -9.98524
-1.5628 -9.98524
-1.5618 -9.98524
-1.5608 -9.98524
-1.5598 -9.98524
-1.5588 -9.98524
-1.5578 -9.98524
-1.5568 -9.98524
-1.5558 -9.98524
-1.5548 -9.98524
-1.5538 -9.98524
-1.5528 -9.98524
-1.5518 -9.98524
-1.5508 -9.98524
-1.5498 -9.98524
-1.5488 -9.98524
-1.5478 -9.98524
-1.5468 -9.98524
-1.5458 -9.98524
-1.5448 -9.98524
-1.5438 -9.98524
-1.5428 -9.98524
-1.5418 -9.98524
-1.5408 -9.98524
-1.5398 -9.98524
-1.5388 -9.98524
-1.5378 -9.98524
-1.5368 -9.98524
-1.5358 -9.98524
-1.5348 -9.98524
-1.5338 -9.98524
-1.5328 -9.98524
-1.5318 -9.98524
-1.5308 -9.98524
-1.5298 -9.98524
-1.5288 -9.98524
-1.5278 -9.98524
-1.5268 -9.98524
-1.5258 -9.98524
-1.5248 -9.98524
-1.5238 -9.98524
-1.5228 -9.98524
-1.5218 -9.98524
-1.5208 -9.98524
-1.5198 -9.98524
-1.5188 -9.98524
-1.5178 -9.98524
-1.5168 -9.98524
-1.5158 -9.98524
-1.5148 -9.98524
-1.5138 -9.98524
-1.5128 -9.98524
-1.5118 -9.98524
-1.5108 -9.98524
-1.5098 -9.98524
-1.5088 -9.98524
-1.5078 -9.98524
-1.5068 -9.98524
-1.5058 -9.98524
-1.5048 -9.98524
-1.5038 -9.98524
-1.5028 -9.98524
-1.5018 -9.98524
-1.5008 -9.98524
-1.4998 -9.98524
-1.4988 -9.98524
-1.4978 -9.98524
-1.4968 -9.98524
-1.4958 -9.98524
-1.4948 -9.98524
-1.4938 -9.98524
-1.4928 -9.98524
-1.4918 -9.98524
-1.4908 -9.98524
-1.4898 -9.98524
-1.4888 -9.98524
-1.4878 -9.98524
-1.4868 -9.98524
-1.4858 -9.98524
-1.4848 -9.98524
-1.4838 -9.98524
-1.4828 -9.98524
-1.4818 -9.98524
-1.4808 -9.98524
-1.4798 -9.98524
-1.4788 -9.98524
-1.4778 -9.98524
-1.4768 -9.98524
-1.4758 -9.98524
-1.4748 -9.98524
-1.4738 -9.98524
-1.4728 -9.98524
-1.4718 -9.98524
-1.4708 -9.98524
-1.4698 -9.98524
-1.4688 -9.98524
-1.4678 -9.98524
-1.4668 -9.98524
-1.4658 -9.98524
-1.4648 -9.98524
-1.4638 -9.98524
-1.4628 -9.98524
-1.4618 -9.98524
-1.4608 -9.98524
-1.4598 -9.98524
-1.4588 -9.98524
-1.4578 -9.98524
-1.4568 -9.98524
-1.4558 -9.98524
-1.4548 -9.98524
-1.4538 -9.98524
-1.4528 -9.98524
-1.4518 -9.98524
-1.4508 -9.98524
-1.4498 -9.98524
-1.4488 -9.98524
-1.4478 -9.98524
-1.4468 -9.98524
-1.4458 -9.98524
-1.4448 -9.98524
-1.4438 -9.98524
-1.4428 -9.98524
-1.4418 -9.98524
-1.4408 -9.98524
-1.4398 -9.98524
-1.4388 -9.98524
-1.4378 -9.98524
-1.4368 -9.98524
-1.4358 -9.98524
-1.4348 -9.98524
-1.4338 -9.98524
-1.4328 -9.98524
-1.4318 -9.98524
-1.4308 -9.98524
-1.4298 -9.98524
-1.4288 -9.98524
-1.4278 -9.98524
-1.4268 -9.98524
-1.4258 -9.98524
-1.4248 -9.98524
-1.4238 -9.98524
-1.4228 -9.98524
-1.4218 -9.98524
-1.4208 -9.98524
-1.4198 -9.98524
-1.4188 -9.98524
-1.4178 -9.98524
-1.4168 -9.98524
-1.4158 -9.98524
-1.4148 -9.98524
-1.4138 -9.98524
-1.4128 -9.98524
-1.4118 -9.98524
-1.4108 -9.98524
-1.4098 -9.98524
-1.4088 -9.98524
-1.4078 -9.98524
-1.4068 -9.98524
-1.4058 -9.98524
-1.4048 -9.98524
-1.4038 -9.98524
-1.4028 -9.98524
-1.4018 -9.98524
-1.4008 -9.98524
-1.3998 -9.98524
-1.3988 -9.98524
-1.3978 -9.98524
-1.3968 -9.98524
-1.3958 -9.98524
-1.3948 -9.98524
-1.3938 -9.98524
-1.3928 -9.98524
-1.3918 -9.98524
-1.3908 -9.98524
-1.3898 -9.98524
-1.3888 -9.98524
-1.3878 -9.98524
-1.3868 -9.98524
-1.3858 -9.98524
-1.3848 -9.98524
-1.3838 -9.98524
-1.3828 -9.98524
-1.3818 -9.98524
-1.3808 -9.98524
-1.3798 -9.98524
-1.3788 -9.98524
-1.3778 -9.98524
-1.3768 -9.98524
-1.3758 -9.98524
-1.3748 -9.98524
-1.3738 -9.98524
-1.3728 -9.98524
-1.3718 -9.98524
-1.3708 -9.98524
-1.3698 -9.98524
-1.3688 -9.98524
-1.3678 -9.98524
-1.3668 -9.98524
-1.3658 -9.98524
-1.3648 -9.98524
-1.3638 -9.98524
-1.3628 -9.98524
-1.3618 -9.98524
-1.3608 -9.98524
-1.3598 -9.98524
-1.3588 -9.98524
-1.3578 -9.98524
-1.3568 -9.98524
-1.3558 -9.98524
-1.3548 -9.98524
-1.3538 -9.98524
-1.3528 -9.98524
-1.3518 -9.98524
-1.3508 -9.98524
-1.3498 -9.98524
-1.3488 -9.98524
-1.3478 -9.98524
-1.3468 -9.98524
-1.3458 -9.98524
-1.3448 -9.98524
-1.3438 -9.98524
-1.3428 -9.98524
-1.3418 -9.98524
-1.3408 -9.98524
-1.3398 -9.98524
-1.3388 -9.98524
-1.3378 -9.98524
-1.3368 -9.98524
-1.3358 -9.98524
-1.3348 -9.98524
-1.3338 -9.98524
-1.3328 -9.98524
-1.3318 -9.98524
-1.3308 -9.98524
-1.3298 -9.98524
-1.3288 -9.98524
-1.3278 -9.98524
-1.3268 -9.98524
-1.3258 -9.98524
-1.3248 -9.98524
-1.3238 -9.98524
-1.3228 -9.98524
-1.3218 -9.98524
-1.3208 -9.98524
-1.3198 -9.98524
-1.3188 -9.98524
-1.3178 -9.98524
-1.3168 -9.98524
-1.3158 -9.98524
-1.3148 -9.98524
-1.3138 -9.98524
-1.3128 -9.98524
-1.3118 -9.98524
-1.3108 -9.98524
-1.3098 -9.98524
-1.3088 -9.98524
-1.3078 -9.98524
-1.3068 -9.98524
-1.3058 -9.98524
-1.3048 -9.98524
-1.3038 -9.98524
-1.3028 -9.98524
-1.3018 -9.98524
-1.3008 -9.98524
-1.2998 -9.98524
-1.2988 -9.98524
-1.2978 -9.98524
-1.2968 -9.98524
-1.2958 -9.98524
-1.2948 -9.98524
-1.2938 -9.98524
-1.2928 -9.98524
-1.2918 -9.98524
-1.2908 -9.98524
-1.2898 -9.98524
-1.2888 -9.98524
-1.2878 -9.98524
-1.2868 -9.98524
-1.2858 -9.98524
-1.2848 -9.98524
-1.2838 -9.98524
-1.2828 -9.98524
-1.2818 -9.98524
-1.2808 -9.98524
-1.2798 -9.98524
-1.2788 -9.98524
-1.2778 -9.98524
-1.2768 -9.98524
-1.2758 -9.98524
-1.2748 -9.98524
-1.2738 -9.98524
-1.2728 -9.98524
-1.2718 -9.98524
-1.2708 -9.98524
-1.2698 -9.98524
-1.2688 -9.98524
-1.2678 -9.98524
-1.2668 -9.98524
-1.2658 -9.98524
-1.2648 -9.98524
-1.2638 -9.98524
-1.2628 -9.98524
-1.2618 -9.98524
-1.2608 -9.98524
-1.2598 -9.98524
-1.2588 -9.98524
-1.2578 -9.98524
-1.2568 -9.98524
-1.2558 -9.98524
-1.2548 -9.98524
-1.2538 -9.98524
-1.2528 -9.98524
-1.2518 -9.98524
-1.2508 -9.98524
-1.2498 -9.98524
-1.2488 -9.98524
-1.2478 -9.98524
-1.2468 -9.98524
-1.2458 -9.98524
-1.2448 -9.98524
-1.2438 -9.98524
-1.2428 -9.98524
-1.2418 -9.98524
-1.2408 -9.98524
-1.2398 -9.98524
-1.2388 -9.98524
-1.2378 -9.98524
-1.2368 -9.98524
-1.2358 -9.98524
-1.2348 -9.98524
-1.2338 -9.98524
-1.2328 -9.98524
-1.2318 -9.98524
-1.2308 -9.98524
-1.2298 -9.98524
-1.2288 -9.98524
-1.2278 -9.98524
-1.2268 -9.98524
-1.2258 -9.98524
-1.2248 -9.98524
-1.2238 -9.98524
-1.2228 -9.98524
-1.2218 -9.98524
-1.2208 -9.98524
-1.2198 -9.98524
-1.2188 -9.98524
-1.2178 -9.98524
-1.2168 -9.98524
-1.2158 -9.98524
-1.2148 -9.98524
-1.2138 -9.98524
-1.2128 -9.98524
-1.2118 -9.98524
-1.2108 -9.98524
-1.2098 -9.98524
-1.2088 -9.98524
-1.2078 -9.98524
-1.2068 -9.98524
-1.2058 -9.98524
-1.2048 -9.98524
-1.2038 -9.98524
-1.2028 -9.98524
-1.2018 -9.98524
-1.2008 -9.98524
-1.1998 -9.98524
-1.1988 -9.98524
-1.1978 -9.98524
-1.1968 -9.98524
-1.1958 -9.98524
-1.1948 -9.98524
-1.1938 -9.98524
-1.1928 -9.98524
-1.1918 -9.98524
-1.1908 -9.98524
-1.1898 -9.98524
-1.1888 -9.98524
-1.1878 -9.98524
-1.1868 -9.98524
-1.1858 -9.98524
-1.1848 -9.98524
-1.1838 -9.98524
-1.1828 -9.98524
-1.1818 -9.98524
-1.1808 -9.98524
-1.1798 -9.98524
-1.1788 -9.98524
-1.1778 -9.98524
-1.1768 -9.98524
-1.1758 -9.98524
-1.1748 -9.98524
-1.1738 -9.98524
-1.1728 -9.98524
-1.1718 -9.98524
-1.1708 -9.98524
-1.1698 -9.98524
-1.1688 -9.98524
-1.1678 -9.98524
-1.1668 -9.98524
-1.1658 -9.98524
-1.1648 -9.98524
-1.1638 -9.98524
-1.1628 -9.98524
-1.1618 -9.98524
-1.1608 -9.98524
-1.1598 -9.98524
-1.1588 -9.98524
-1.1578 -9.98524
-1.1568 -9.98524
-1.1558 -9.98524
-1.1548 -9.98524
-1.1538 -9.98524
-1.1528 -9.98524
-1.1518 -9.98524
-1.1508 -9.98524
-1.1498 -9.98524
-1.1488 -9.98524
-1.1478 -9.98524
-1.1468 -9.98524
-1.1458 -9.98524
-1.1448 -9.98524
-1.1438 -9.98524
-1.1428 -9.98524
-1.1418 -9.98524
-1.1408 -9.98524
-1.1398 -9.98524
-1.1388 -9.98524
-1.1378 -9.98524
-1.1368 -9.98524
-1.1358 -9.98524
-1.1348 -9.98524
-1.1338 -9.98524
-1.1328 -9.98524
-1.1318 -9.98524
-1.1308 -9.98524
-1.1298 -9.98524
-1.1288 -9.98524
-1.1278 -9.98524
-1.1268 -9.98524
-1.1258 -9.98524
-1.1248 -9.98524
-1.1238 -9.98524
-1.1228 -9.98524
-1.1218 -9.98524
-1.1208 -9.98524
-1.1198 -9.98524
-1.1188 -9.98524
-1.1178 -9.98524
-1.1168 -9.98524
-1.1158 -9.98524
-1.1148 -9.98524
-1.1138 -9.98524
-1.1128 -9.98524
-1.1118 -9.98524
-1.1108 -9.98524
-1.1098 -9.98524
-1.1088 -9.98524
-1.1078 -9.98524
-1.1068 -9.98524
-1.1058 -9.98524
-1.1048 -9.98524
-1.1038 -9.98524
-1.1028 -9.98524
-1.1018 -9.98524
-1.1008 -9.98524
-1.0998 -9.98524
-1.0988 -9.98524
-1.0978 -9.98524
-1.0968 -9.98524
-1.0958 -9.98524
-1.0948 -9.98524
-1.0938 -9.98524
-1.0928 -9.98524
-1.0918 -9.98524
-1.0908 -9.98524
-1.0898 -9.98524
-1.0888 -9.98524
-1.0878 -9.98524
-1.0868 -9.98524
-1.0858 -9.98524
-1.0848 -9.98524
-1.0838 -9.98524
-1.0828 -9.98524
-1.0818 -9.98524
-1.0808 -9.98524
-1.0798 -9.98524
-1.0788 -9.98524
-1.0778 -9.98524
-1.0768 -9.98524
-1.0758 -9.98524
-1.0748 -9.98524
-1.0738 -9.98524
-1.0728 -9.98524
-1.0718 -9.98524
-1.0708 -9.98524
-1.0698 -9.98524
-1.0688 -9.98524
-1.0678 -9.98524
-1.0668 -9.98524
-1.0658 -9.98524
-1.0648 -9.98524
-1.0638 -9.98524
-1.0628 -9.98524
-1.0618 -9.98524
-1.0608 -9.98524
-1.0598 -9.98524
-1.0588 -9.98524
-1.0578 -9.98524
-1.0568 -9.98524
-1.0558 -9.98524
-1.0548 -9.98524
-1.0538 -9.98524
-1.0528 -9.98524
-1.0518 -9.98524
-1.0508 -9.98524
-1.0498 -9.98524
-1.0488 -9.98524
-1.0478 -9.98524
-1.0468 -9.98524
-1.0458 -9.98524
-1.0448 -9.98524
-1.0438 -9.98524
-1.0428 -9.98524
-1.0418 -9.98524
-1.0408 -9.98524
-1.0398 -9.98524
-1.0388 -9.98524
-1.0378 -9.98524
-1.0368 -9.98524
-1.0358 -9.98524
-1.0348 -9.98524
-1.0338 -9.98524
-1.0328 -9.98524
-1.0318 -9.98524
-1.0308 -9.98524
-1.0298 -9.98524
-1.0288 -9.98524
-1.0278 -9.98524
-1.0268 -9.98524
-1.0258 -9.98524
-1.0248 -9.98524
-1.0238 -9.98524
-1.0228 -9.98524
-1.0218 -9.98524
-1.0208 -9.98524
-1.0198 -9.98523
-1.0188 -9.98523
-1.0178 -9.98523
-1.0168 -9.98523
-1.0158 -9.98523
-1.0148 -9.98523
-1.0138 -9.98523
-1.0128 -9.98523
-1.0118 -9.98523
-1.0108 -9.98523
-1.0098 -9.98523
-1.0088 -9.98522
-1.0078 -9.98522
-1.0068 -9.98522
-1.0058 -9.98522
-1.0048 -9.98521
-1.0038 -9.9852
-1.0028 -9.98519
-1.0018 -9.98518
-1.0008 -9.98515
-0.999796 -9.98508
-0.998796 -9.98454
-0.997796 -6.84397
-0.996796 -6.84378
-0.995796 -6.84373
-0.994796 -6.84371
-0.993796 -6.8437
-0.992796 -6.84369
-0.991796 -6.84369
-0.990796 -6.84368
-0.989796 -6.84368
-0.988796 -6.84368
-0.987796 -6.84367
-0.986796 -6.84367
-0.985796 -6.84367
-0.984796 -6.84367
-0.983796 -6.84367
-0.982796 -6.84367
-0.981796 -6.84367
-0.980796 -6.84367
-0.979796 -6.84366
-0.978796 -6.84366
-0.977796 -6.84366
-0.976796 -6.84366
-0.975796 -6.84366
-0.974796 -6.84366
-0.973796 -6.84366
-0.972796 -6.84366
-0.971796 -6.84366
-0.970796 -6.84366
-0.969796 -6.84366
-0.968796 -6.84366
-0.967796 -6.84366
-0.966796 -6.84366
-0.965796 -6.84366
-0.964796 -6.84366
-0.963796 -6.84366
-0.962796 -6.84366
-0.961796 -6.84366
-0.960796 -6.84366
-0.959796 -6.84366
-0.958796 -6.84366
-0.957796 -6.84366
-0.956796 -6.84366
-0.955796 -6.84366
-0.954796 -6.84366
-0.953796 -6.84366
-0.952796 -6.84366
-0.951796 -6.84366
-0.950796 -6.84366
-0.949796 -6.84366
-0.948796 -6.84366
-0.947796 -6.84366
-0.946796 -6.84366
-0.945796 -6.84366
-0.944796 -6.84366
-0.943796 -6.84366
-0.942796 -6.84366
-0.941796 -6.84366
-0.940796 -6.84366
-0.939796 -6.84366
-0.938796 -6.84366
-0.937796 -6.84366
-0.936796 -6.84366
-0.935796 -6.84366
-0.934796 -6.84366
-0.933796 -6.84366
-0.932796 -6.84366
-0.931796 -6.84366
-0.930796 -6.84366
-0.929796 -6.84366
-0.928796 -6.84366
-0.927796 -6.84366
-0.926796 -6.84366
-0.925796 -6.84366
-0.924796 -6.84366
-0.923796 -6.84366
-0.922796 -6.84366
-0.921796 -6.84366
-0.920796 -6.84366
-0.919796 -6.84366
-0.918796 -6.84366
-0.917796 -6.84366
-0.916796 -6.84366
-0.915796 -6.84366
-0.914796 -6.84366
-0.913796 -6.84366
-0.912796 -6.84366
-0.911796 -6.84366
-0.910796 -6.84366
-0.909796 -6.84366
-0.908796 -6.84366
-0.907796 -6.84366
-0.906796 -6.84366
-0.905796 -6.84366
-0.904796 -6.84366
-0.903796 -6.84366
-0.902796 -6.84365
-0.901796 -6.84365
-0.900796 -6.84365
-0.899796 -6.84365
-0.898796 -6.84365
-0.897796 -6.84365
-0.896796 -6.84365
-0.895796 -6.84365
-0.894796 -6.84365
-0.893796 -6.84365
-0.892796 -6.84365
-0.891796 -6.84365
-0.890796 -6.84365
-0.889796 -6.84365
-0.888796 -6.84365
-0.887796 -6.84365
-0.886796 -6.84365
-0.885796 -6.84365
-0.884796 -6.84365
-0.883796 -6.84365
-0.882796 -6.84365
-0.881796 -6.84365
-0.880796 -6.84365
-0.879796 -6.84365
-0.878796 -6.84365
-0.877796 -6.84365
-0.876796 -6.84365
-0.875796 -6.84365
-0.874796 -6.84365
-0.873796 -6.84365
-0.872796 -6.84365
-0.871796 -6.84365
-0.870796 -6.84365
-0.869796 -6.84365
-0.868796 -6.84365
-0.867796 -6.84365
-0.866796 -6.84365
-0.865796 -6.84365
-0.864796 -6.84365
-0.863796 -6.84365
-0.862796 -6.84365
-0.861796 -6.84365
-0.860796 -6.84365
-0.859796 -6.84365
-0.858796 -6.84365
-0.857796 -6.84365
-0.856796 -6.84365
-0.855796 -6.84365
-0.854796 -6.84365
-0.853796 -6.84365
-0.852796 -6.84365
-0.851796 -6.84365
-0.850796 -6.84365
-0.849796 -6.84365
-0.848796 -6.84365
-0.847796 -6.84365
-0.846796 -6.84365
-0.845796 -6.84365
-0.844796 -6.84365
-0.843796 -6.84365
-0.842796 -6.84365
-0.841796 -6.84365
-0.840796 -6.84365
-0.839796 -6.84365
-0.838796 -6.84365
-0.837796 -6.84365
-0.836796 -6.84365
-0.835796 -6.84365
-0.834796 -6.84365
-0.833796 -6.84365
-0.832796 -6.84365
-0.831796 -6.84365
-0.830796 -6.84365
-0.829796 -6.84365
-0.828796 -6.84365
-0.827796 -6.84365
-0.826796 -6.84365
-0.825796 -6.84365
-0.824796 -6.84365
-0.823796 -6.84365
-0.822796 -6.84365
-0.821796 -6.84365
-0.820796 -6.84365
-0.819796 -6.84365
-0.818796 -6.84365
-0.817796 -6.84365
-0.816796 -6.84365
-0.815796 -6.84365
-0.814796 -6.84365
-0.813796 -6.84365
-0.812796 -6.84365
-0.811796 -6.84365
-0.810796 -6.84365
-0.809796 -6.84365
-0.808796 -6.84365
-0.807796 -6.84365
-0.806796 -6.84365
-0.805796 -6.84365
-0.804796 -6.84365
-0.803796 -6.84365
-0.802796 -6.84365
-0.801796 -6.84365
-0.800796 -6.84365
-0.799796 -6.84365
-0.798796 -6.84365
-0.797796 -6.84365
-0.796796 -6.84365
-0.795796 -6.84365
-0.794796 -6.84365
-0.793796 -6.84365
-0.792796 -6.84365
-0.791796 -6.84365
-0.790796 -6.84365
-0.789796 -6.84365
-0.788796 -6.84365
-0.787796 -6.84365
-0.786796 -6.84365
-0.785796 -6.84365
-0.784796 -6.84365
-0.783796 -6.84365
-0.782796 -6.84365
-0.781796 -6.84365
-0.780796 -6.84365
-0.779796 -6.84365
-0.778796 -6.84365
-0.777796 -6.84365
-0.776796 -6.84365
-0.775796 -6.84365
-0.774796 -6.84365
-0.773796 -6.84365
-0.772796 -6.84365
-0.771796 -6.84365
-0.770796 -6.84365
-0.769796 -6.84365
-0.768796 -6.84365
-0.767796 -6.84365
-0.766796 -6.84365
-0.765796 -6.84365
-0.764796 -6.84365
-0.763796 -6.84365
-0.762796 -6.84365
-0.761796 -6.84365
-0.760796 -6.84365
-0.759796 -6.84365
-0.758796 -6.84365
-0.757796 -6.84365
-0.756796 -6.84365
-0.755796 -6.84365
-0.754796 -6.84365
-0.753796 -6.84365
-0.752796 -6.84365
-0.751796 -6.84365
-0.750796 -6.84365
-0.749796 -6.84365
-0.748796 -6.84365
-0.747796 -6.84365
-0.746796 -6.84365
-0.745796 -6.84365
-0.744796 -6.84365
-0.743796 -6.84365
-0.742796 -6.84365
-0.741796 -6.84365
-0.740796 -6.84365
-0.739796 -6.84365
-0.738796 -6.84365
-0.737796 -6.84365
-0.736796 -6.84365
-0.735796 -6.84365
-0.734796 -6.84365
-0.733796 -6.84365
-0.732796 -6.84365
-0.731796 -6.84365
-0.730796 -6.84365
-0.729796 -6.84365
-0.728796 -6.84365
-0.727796 -6.84365
-0.726796 -6.84365
-0.725796 -6.84365
-0.724796 -6.84365
-0.723796 -6.84365
-0.722796 -6.84365
-0.721796 -6.84365
-0.720796 -6.84365
-0.719796 -6.84365
-0.718796 -6.84365
-0.717796 -6.84365
-0.716796 -6.84365
-0.715796 -6.84365
-0.714796 -6.84365
-0.713796 -6.84365
-0.712796 -6.84365
-0.711796 -6.84365
-0.710796 -6.84365
-0.709796 -6.84365
-0.708796 -6.84365
-0.707796 -6.84365
-0.706796 -6.84365
-0.705796 -6.84365
-0.704796 -6.84365
-0.703796 -6.84365
-0.702796 -6.84365
-0.701796 -6.84365
-0.700796 -6.84365
-0.699796 -6.84365
-0.698796 -6.84365
-0.697796 -6.84365
-0.696796 -6.84365
-0.695796 -6.84365
-0.694796 -6.84365
-0.693796 -6.84365
-0.692796 -6.84365
-0.691796 -6.84365
-0.690796 -6.84365
-0.689796 -6.84365
-0.688796 -6.84365
-0.687796 -6.84365
-0.686796 -6.84365
-0.685796 -6.84365
-0.684796 -6.84365
-0.683796 -6.84365
-0.682796 -6.84365
-0.681796 -6.84365
-0.680796 -6.84365
-0.679796 -6.84365
-0.678796 -6.84365
-0.677796 -6.84365
-0.676796 -6.84365
-0.675796 -6.84365
-0.674796 -6.84365
-0.673796 -6.84365
-0.672796 -6.84365
-0.671796 -6.84365
-0.670796 -6.84365
-0.669796 -6.84365
-0.668796 -6.84365
-0.667796 -6.84365
-0.666796 -6.84365
-0.665796 -6.84365
-0.664796 -6.84365
-0.663796 -6.84365
-0.662796 -6.84365
-0.661796 -6.84365
-0.660796 -6.84365
-0.659796 -6.84365
-0.658796 -6.84365
-0.657796 -6.84365
-0.656796 -6.84365
-0.655796 -6.84365
-0.654796 -6.84365
-0.653796 -6.84365
-0.652796 -6.84365
-0.651796 -6.84365
-0.650796 -6.84365
-0.649796 -6.84365
-0.648796 -6.84365
-0.647796 -6.84365
-0.646796 -6.84365
-0.645796 -6.84365
-0.644796 -6.84365
-0.643796 -6.84365
-0.642796 -6.84365
-0.641796 -6.84365
-0.640796 -6.84365
-0.639796 -6.84365
-0.638796 -6.84365
-0.637796 -6.84365
-0.636796 -6.84365
-0.635796 -6.84365
-0.634796 -6.84365
-0.633796 -6.84365
-0.632796 -6.84365
-0.631796 -6.84365
-0.630796 -6.84365
-0.629796 -6.84365
-0.628796 -6.84365
-0.627796 -6.84365
-0.626796 -6.84365
-0.625796 -6.84365
-0.624796 -6.84365
-0.623796 -6.84365
-0.622796 -6.84365
-0.621796 -6.84365
-0.620796 -6.84365
-0.619796 -6.84365
-0.618796 -6.84365
-0.617796 -6.84365
-0.616796 -6.84365
-0.615796 -6.84365
-0.614796 -6.84365
-0.613796 -6.84365
-0.612796 -6.84365
-0.611796 -6.84365
-0.610796 -6.84365
-0.609796 -6.84365
-0.608796 -6.84365
-0.607796 -6.84365
-0.606796 -6.84365
-0.605796 -6.84365
-0.604796 -6.84365
-0.603796 -6.84365
-0.602796 -6.84365
-0.601796 -6.84365
-0.600796 -6.84365
-0.599796 -6.84365
-0.598796 -6.84365
-0.597796 -6.84365
-0.596796 -6.84365
-0.595796 -6.84365
-0.594796 -6.84365
-0.593796 -6.84365
-0.592796 -6.84365
-0.591796 -6.84365
-0.590796 -6.84365
-0.589796 -6.84365
-0.588796 -6.84365
-0.587796 -6.84365
-0.586796 -6.84365
-0.585796 -6.84365
-0.584796 -6.84365
-0.583796 -6.84365
-0.582796 -6.84365
-0.581796 -6.84365
-0.580796 -6.84365
-0.579796 -6.84365
-0.578796 -6.84365
-0.577796 -6.84365
-0.576796 -6.84365
-0.575796 -6.84365
-0.574796 -6.84365
-0.573796 -6.84365
-0.572796 -6.84365
-0.571796 -6.84365
-0.570796 -6.84365
-0.569796 -6.84365
-0.568796 -6.84365
-0.567796 -6.84365
-0.566796 -6.84365
-0.565796 -6.84365
-0.564796 -6.84365
-0.563796 -6.84365
-0.562796 -6.84365
-0.561796 -6.84365
-0.560796 -6.84365
-0.559796 -6.84365
-0.558796 -6.84365
-0.557796 -6.84365
-0.556796 -6.84365
-0.555796 -6.84365
-0.554796 -6.84365
-0.553796 -6.84365
-0.552796 -6.84365
-0.551796 -6.84365
-0.550796 -6.84365
-0.549796 -6.84365
-0.548796 -6.84365
-0.547796 -6.84365
-0.546796 -6.84365
-0.545796 -6.84365
-0.544796 -6.84365
-0.543796 -6.84365
-0.542796 -6.84365
-0.541796 -6.84365
-0.540796 -6.84365
-0.539796 -6.84365
-0.538796 -6.84365
-0.537796 -6.84365
-0.536796 -6.84365
-0.535796 -6.84365
-0.534796 -6.84365
-0.533796 -6.84365
-0.532796 -6.84365
-0.531796 -6.84365
-0.530796 -6.84365
-0.529796 -6.84365
-0.528796 -6.84365
-0.527796 -6.84365
-0.526796 -6.84365
-0.525796 -6.84365
-0.524796 -6.84365
-0.523796 -6.84365
-0.522796 -6.84365
-0.521796 -6.84365
-0.520796 -6.84365
-0.519796 -6.84365
-0.518796 -6.84365
-0.517796 -6.84365
-0.516796 -6.84365
-0.515796 -6.84365
-0.514796 -6.84365
-0.513796 -6.84365
-0.512796 -6.84365
-0.511796 -6.84365
-0.510796 -6.84365
-0.509796 -6.84365
-0.508796 -6.84365
-0.507796 -6.84365
-0.506796 -6.84365
-0.505796 -6.84365
-0.504796 -6.84365
-0.503796 -6.84365
-0.502796 -6.84365
-0.501796 -6.84365
-0.500796 -6.84365
-0.499796 -6.84365
-0.498796 -6.84365
-0.497796 -6.84365
-0.496796 -6.84365
-0.495796 -6.84365
-0.494796 -6.84365
-0.493796 -6.84365
-0.492796 -6.84365
-0.491796 -6.84365
-0.490796 -6.84365
-0.489796 -6.84365
-0.488796 -6.84365
-0.487796 -6.84365
-0.486796 -6.84365
-0.485796 -6.84365
-0.484796 -6.84365
-0.483796 -6.84365
-0.482796 -6.84365
-0.481796 -6.84365
-0.480796 -6.84365
-0.479796 -6.84365
-0.478796 -6.84365
-0.477796 -6.84365
-0.476796 -6.84365
-0.475796 -6.84365
-0.474796 -6.84365
-0.473796 -6.84365
-0.472796 -6.84365
-0.471796 -6.84365
-0.470796 -6.84365
-0.469796 -6.84365
-0.468796 -6.84365
-0.467796 -6.84365
-0.466796 -6.84365
-0.465796 -6.84365
-0.464796 -6.84365
-0.463796 -6.84365
-0.462796 -6.84365
-0.461796 -6.84365
-0.460796 -6.84365
-0.459796 -6.84365
-0.458796 -6.84365
-0.457796 -6.84365
-0.456796 -6.84365
-0.455796 -6.84365
-0.454796 -6.84365
-0.453796 -6.84365
-0.452796 -6.84365
-0.451796 -6.84365
-0.450796 -6.84365
-0.449796 -6.84365
-0.448796 -6.84365
-0.447796 -6.84365
-0.446796 -6.84365
-0.445796 -6.84365
-0.444796 -6.84365
-0.443796 -6.84365
-0.442796 -6.84365
-0.441796 -6.84365
-0.440796 -6.84365
-0.439796 -6.84365
-0.438796 -6.84365
-0.437796 -6.84365
-0.436796 -6.84365
-0.435796 -6.84365
-0.434796 -6.84365
-0.433796 -6.84365
-0.432796 -6.84365
-0.431796 -6.84365
-0.430796 -6.84365
-0.429796 -6.84365
-0.428796 -6.84365
-0.427796 -6.84365
-0.426796 -6.84365
-0.425796 -6.84365
-0.424796 -6.84365
-0.423796 -6.84365
-0.422796 -6.84365
-0.421796 -6.84365
-0.420796 -6.84365
-0.419796 -6.84365
-0.418796 -6.84365
-0.417796 -6.84365
-0.416796 -6.84365
-0.415796 -6.84365
-0.414796 -6.84365
-0.413796 -6.84365
-0.412796 -6.84365
-0.411796 -6.84365
-0.410796 -6.84365
-0.409796 -6.84365
-0.408796 -6.84365
-0.407796 -6.84365
-0.406796 -6.84365
-0.405796 -6.84365
-0.404796 -6.84365
-0.403796 -6.84365
-0.402796 -6.84365
-0.401796 -6.84365
-0.400796 -6.84365
-0.399796 -6.84365
-0.398796 -6.84365
-0.397796 -6.84365
-0.396796 -6.84365
-0.395796 -6.84365
-0.394796 -6.84365
-0.393796 -6.84365
-0.392796 -6.84365
-0.391796 -6.84365
-0.390796 -6.84365
-0.389796 -6.84365
-0.388796 -6.84365
-0.387796 -6.84365
-0.386796 -6.84365
-0.385796 -6.84365
-0.384796 -6.84365
-0.383796 -6.84365
-0.382796 -6.84365
-0.381796 -6.84365
-0.380796 -6.84365
-0.379796 -6.84365
-0.378796 -6.84365
-0.377796 -6.84365
-0.376796 -6.84365
-0.375796 -6.84365
-0.374796 -6.84365
-0.373796 -6.84365
-0.372796 -6.84365
-0.371796 -6.84365
-0.370796 -6.84365
-0.369796 -6.84365
-0.368796 -6.84365
-0.367796 -6.84365
-0.366796 -6.84365
-0.365796 -6.84365
-0.364796 -6.84365
-0.363796 -6.84365
-0.362796 -6.84365
-0.361796 -6.84365
-0.360796 -6.84365
-0.359796 -6.84365
-0.358796 -6.84365
-0.357796 -6.84365
-0.356796 -6.84365
-0.355796 -6.84365
-0.354796 -6.84365
-0.353796 -6.84365
-0.352796 -6.84365
-0.351796 -6.84365
-0.350796 -6.84365
-0.349796 -6.84365
-0.348796 -6.84365
-0.347796 -6.84365
-0.346796 -6.84365
-0.345796 -6.84365
-0.344796 -6.84365
-0.343796 -6.84365
-0.342796 -6.84365
-0.341796 -6.84365
-0.340796 -6.84365
-0.339796 -6.84365
-0.338796 -6.84365
-0.337796 -6.84365
-0.336796 -6.84365
-0.335796 -6.84365
-0.334796 -6.84365
-0.333796 -6.84365
-0.332796 -6.84365
-0.331796 -6.84365
-0.330796 -6.84365
-0.329796 -6.84365
-0.328796 -6.84365
-0.327796 -6.84365
-0.326796 -6.84365
-0.325796 -6.84365
-0.324796 -6.84365
-0.323796 -6.84365
-0.322796 -6.84365
-0.321796 -6.84365
-0.320796 -6.84365
-0.319796 -6.84365
-0.318796 -6.84365
-0.317796 -6.84365
-0.316796 -6.84365
-0.315796 -6.84365
-0.314796 -6.84365
-0.313796 -6.84365
-0.312796 -6.84365
-0.311796 -6.84365
-0.310796 -6.84365
-0.309796 -6.84365
-0.308796 -6.84365
-0.307796 -6.84365
-0.306796 -6.84365
-0.305796 -6.84365
-0.304796 -6.84365
-0.303796 -6.84365
-0.302796 -6.84365
-0.301796 -6.84365
-0.300796 -6.84365
-0.299796 -6.84365
-0.298796 -6.84365
-0.297796 -6.84365
-0.296796 -6.84365
-0.295796 -6.84365
-0.294796 -6.84365
-0.293796 -6.84365
-0.292796 -6.84365
-0.291796 -6.84365
-0.290796 -6.84365
-0.289796 -6.84365
-0.288796 -6.84365
-0.287796 -6.84365
-0.286796 -6.84365
-0.285796 -6.84365
-0.284796 -6.84365
-0.283796 -6.84365
-0.282796 -6.84365
-0.281796 -6.84365
-0.280796 -6.84365
-0.279796 -6.84365
-0.278796 -6.84365
-0.277796 -6.84365
-0.276796 -6.84365
-0.275796 -6.84365
-0.274796 -6.84365
-0.273796 -6.84365
-0.272796 -6.84365
-0.271796 -6.84365
-0.270796 -6.84365
-0.269796 -6.84365
-0.268796 -6.84365
-0.267796 -6.84365
-0.266796 -6.84365
-0.265796 -6.84365
-0.264796 -6.84365
-0.263796 -6.84365
-0.262796 -6.84365
-0.261796 -6.84365
-0.260796 -6.84365
-0.259796 -6.84365
-0.258796 -6.84365
-0.257796 -6.84365
-0.256796 -6.84365
-0.255796 -6.84365
-0.254796 -6.84365
-0.253796 -6.84365
-0.252796 -6.84365
-0.251796 -6.84365
-0.250796 -6.84365
-0.249796 -6.84365
-0.248796 -6.84365
-0.247796 -6.84365
-0.246796 -6.84365
-0.245796 -6.84365
-0.244796 -6.84365
-0.243796 -6.84365
-0.242796 -6.84365
-0.241796 -6.84365
-0.240796 -6.84365
-0.239796 -6.84365
-0.238796 -6.84365
-0.237796 -6.84365
-0.236796 -6.84365
-0.235796 -6.84365
-0.234796 -6.84365
-0.233796 -6.84365
-0.232796 -6.84365
-0.231796 -6.84365
-0.230796 -6.84365
-0.229796 -6.84365
-0.228796 -6.84365
-0.227796 -6.84365
-0.226796 -6.84365
-0.225796 -6.84365
-0.224796 -6.84365
-0.223796 -6.84365
-0.222796 -6.84365
-0.221796 -6.84365
-0.220796 -6.84365
-0.219796 -6.84365
-0.218796 -6.84365
-0.217796 -6.84365
-0.216796 -6.84365
-0.215796 -6.84365
-0.214796 -6.84365
-0.213796 -6.84365
-0.212796 -6.84365
-0.211796 -6.84365
-0.210796 -6.84365
-0.209796 -6.84365
-0.208796 -6.84365
-0.207796 -6.84365
-0.206796 -6.84365
-0.205796 -6.84365
-0.204796 -6.84365
-0.203796 -6.84365
-0.202796 -6.84365
-0.201796 -6.84365
-0.200796 -6.84365
-0.199796 -6.84365
-0.198796 -6.84365
-0.197796 -6.84365
-0.196796 -6.84365
-0.195796 -6.84365
-0.194796 -6.84365
-0.193796 -6.84365
-0.192796 -6.84365
-0.191796 -6.84365
-0.190796 -6.84365
-0.189796 -6.84365
-0.188796 -6.84365
-0.187796 -6.84365
-0.186796 -6.84365
-0.185796 -6.84365
-0.184796 -6.84365
-0.183796 -6.84365
-0.182796 -6.84365
-0.181796 -6.84365
-0.180796 -6.84365
-0.179796 -6.84365
-0.178796 -6.84365
-0.177796 -6.84365
-0.176796 -6.84365
-0.175796 -6.84365
-0.174796 -6.84365
-0.173796 -6.84365
-0.172796 -6.84365
-0.171796 -6.84365
-0.170796 -6.84365
-0.169796 -6.84365
-0.168796 -6.84365
-0.167796 -6.84365
-0.166796 -6.84365
-0.165796 -6.84365
-0.164796 -6.84365
-0.163796 -6.84365
-0.162796 -6.84365
-0.161796 -6.84365
-0.160796 -6.84365
-0.159796 -6.84365
-0.158796 -6.84365
-0.157796 -6.84365
-0.156796 -6.84365
-0.155796 -6.84365
-0.154796 -6.84365
-0.153796 -6.84365
-0.152796 -6.84365
-0.151796 -6.84365
-0.150796 -6.84365
-0.149796 -6.84365
-0.148796 -6.84365
-0.147796 -6.84365
-0.146796 -6.84365
-0.145796 -6.84365
-0.144796 -6.84365
-0.143796 -6.84365
-0.142796 -6.84365
-0.141796 -6.84365
-0.140796 -6.84365
-0.139796 -6.84365
-0.138796 -6.84365
-0.137796 -6.84365
-0.136796 -6.84365
-0.135796 -6.84365
-0.134796 -6.84365
-0.133796 -6.84365
-0.132796 -6.84365
-0.131796 -6.84365
-0.130796 -6.84365
-0.129796 -6.84365
-0.128796 -6.84365
-0.127796 -6.84365
-0.126796 -6.84365
-0.125796 -6.84365
-0.124796 -6.84365
-0.123796 -6.84365
-0.122796 -6.84365
-0.121796 -6.84365
-0.120796 -6.84365
-0.119796 -6.84365
-0.118796 -6.84365
-0.117796 -6.84365
-0.116796 -6.84365
-0.115796 -6.84365
-0.114796 -6.84365
-0.113796 -6.84365
-0.112796 -6.84365
-0.111796 -6.84365
-0.110796 -6.84365
-0.109796 -6.84365
-0.108796 -6.84365
-0.107796 -6.84365
-0.106796 -6.84365
-0.105796 -6.84365
-0.104796 -6.84365
-0.103796 -6.84365
-0.102796 -6.84365
-0.101796 -6.84365
-0.100796 -6.84365
-0.0997963 -6.84365
-0.0987963 -6.84365
-0.0977963 -6.84365
-0.0967963 -6.84365
-0.0957963 -6.84365
-0.0947963 -6.84365
-0.0937963 -6.84365
-0.0927963 -6.84365
-0.0917963 -6.84365
-0.0907963 -6.84365
-0.0897963 -6.84365
-0.0887963 -6.84365
-0.0877963 -6.84365
-0.0867963 -6.84365
-0.0857963 -6.84365
-0.0847963 -6.84365
-0.0837963 -6.84365
-0.0827963 -6.84365
-0.0817963 -6.84365
-0.0807963 -6.84365
-0.0797963 -6.84365
-0.0787963 -6.84365
-0.0777963 -6.84365
-0.0767963 -6.84365
-0.0757963 -6.84365
-0.0747963 -6.84365
-0.0737963 -6.84365
-0.0727963 -6.84365
-0.0717963 -6.84365
-0.0707963 -6.84365
-0.0697963 -6.84365
-0.0687963 -6.84365
-0.0677963 -6.84365
-0.0667963 -6.84365
-0.0657963 -6.84365
-0.0647963 -6.84365
-0.0637963 -6.84365
-0.0627963 -6.84365
-0.0617963 -6.84365
-0.0607963 -6.84365
-0.0597963 -6.84365
-0.0587963 -6.84365
-0.0577963 -6.84365
-0.0567963 -6.84365
-0.0557963 -6.84365
-0.0547963 -6.84365
-0.0537963 -6.84365
-0.0527963 -6.84365
-0.0517963 -6.84365
-0.0507963 -6.84365
-0.0497963 -6.84365
-0.0487963 -6.84365
-0.0477963 -6.84365
-0.0467963 -6.84365
-0.0457963 -6.84365
-0.0447963 -6.84365
-0.0437963 -6.84365
-0.0427963 -6.84365
-0.0417963 -6.84365
-0.0407963 -6.84365
-0.0397963 -6.84365
-0.0387963 -6.84365
-0.0377963 -6.84365
-0.0367963 -6.84365
-0.0357963 -6.84365
-0.0347963 -6.84365
-0.0337963 -6.84365
-0.0327963 -6.84365
-0.0317963 -6.84365
-0.0307963 -6.84365
-0.0297963 -6.84365
-0.0287963 -6.84365
-0.0277963 -6.84365
-0.0267963 -6.84365
-0.0257963 -6.84365
-0.0247963 -6.84365
-0.0237963 -6.84365
-0.0227963 -6.84365
-0.0217963 -6.84365
-0.0207963 -6.84365
-0.0197963 -6.84365
-0.0187963 -6.84365
-0.0177963 -6.84365
-0.0167963 -6.84365
-0.0157963 -6.84365
-0.0147963 -6.84365
-0.0137963 -6.84365
-0.0127963 -6.84365
-0.0117963 -6.84365
-0.0107963 -6.84365
-0.00979633 -6.84365
-0.00879633 -6.84365
-0.00779633 -6.84365
-0.00679633 -6.84365
-0.00579633 -6.84365
-0.00479633 -6.84365
-0.00379633 -6.84365
-0.00279633 -6.84365
-0.00179633 -6.84365
-0.000796327 -6.84365
0.000203673 -6.84365
0.00120367 -6.84365
0.00220367 -6.84365
0.00320367 -6.84365
0.00420367 -6.84365
0.00520367 -6.84365
0.00620367 -6.84365
0.00720367 -6.84365
0.00820367 -6.84365
0.00920367 -6.84365
0.0102037 -6.84365
0.0112037 -6.84365
0.0122037 -6.84365
0.0132037 -6.84365
0.0142037 -6.84365
0.0152037 -6.84365
0.0162037 -6.84365
0.0172037 -6.84365
0.0182037 -6.84365
0.0192037 -6.84365
0.0202037 -6.84365
0.0212037 -6.84365
0.0222037 -6.84365
0.0232037 -6.84365
0.0242037 -6.84365
0.0252037 -6.84365
0.0262037 -6.84365
0.0272037 -6.84365
0.0282037 -6.84365
0.0292037 -6.84365
0.0302037 -6.84365
0.0312037 -6.84365
0.0322037 -6.84365
0.0332037 -6.84365
0.0342037 -6.84365
0.0352037 -6.84365
0.0362037 -6.84365
0.0372037 -6.84365
0.0382037 -6.84365
0.0392037 -6.84365
0.0402037 -6.84365
0.0412037 -6.84365
0.0422037 -6.84365
0.0432037 -6.84365
0.0442037 -6.84365
0.0452037 -6.84365
0.0462037 -6.84365
0.0472037 -6.84365
0.0482037 -6.84365
0.0492037 -6.84365
0.0502037 -6.84365
0.0512037 -6.84365
0.0522037 -6.84365
0.0532037 -6.84365
0.0542037 -6.84365
0.0552037 -6.84365
0.0562037 -6.84365
0.0572037 -6.84365
0.0582037 -6.84365
0.0592037 -6.84365
0.0602037 -6.84365
0.0612037 -6.84365
0.0622037 -6.84365
0.0632037 -6.84365
0.0642037 -6.84365
0.0652037 -6.84365
0.0662037 -6.84365
0.0672037 -6.84365
0.0682037 -6.84365
0.0692037 -6.84365
0.0702037 -6.84365
0.0712037 -6.84365
0.0722037 -6.84365
0.0732037 -6.84365
0.0742037 -6.84365
0.0752037 -6.84365
0.0762037 -6.84365
0.0772037 -6.84365
0.0782037 -6.84365
0.0792037 -6.84365
0.0802037 -6.84365
0.0812037 -6.84365
0.0822037 -6.84365
0.0832037 -6.84365
0.0842037 -6.84365
0.0852037 -6.84365
0.0862037 -6.84365
0.0872037 -6.84365
0.0882037 -6.84365
0.0892037 -6.84365
0.0902037 -6.84365
0.0912037 -6.84365
0.0922037 -6.84365
0.0932037 -6.84365
0.0942037 -6.84365
0.0952037 -6.84365
0.0962037 -6.84365
0.0972037 -6.84365
0.0982037 -6.84365
0.0992037 -6.84365
0.100204 -6.84365
0.101204 -6.84365
0.102204 -6.84365
0.103204 -6.84365
0.104204 -6.84365
0.105204 -6.84365
0.106204 -6.84365
0.107204 -6.84365
0.108204 -6.84365
0.109204 -6.84365
0.110204 -6.84365
0.111204 -6.84365
0.112204 -6.84365
0.113204 -6.84365
0.114204 -6.84365
0.115204 -6.84365
0.116204 -6.84365
0.117204 -6.84365
0.118204 -6.84365
0.119204 -6.84365
0.120204 -6.84365
0.121204 -6.84365
0.122204 -6.84365
0.123204 -6.84365
0.124204 -6.84365
0.125204 -6.84365
0.126204 -6.84365
0.127204 -6.84365
0.128204 -6.84365
0.129204 -6.84365
0.130204 -6.84365
0.131204 -6.84365
0.132204 -6.84365
0.133204 -6.84365
0.134204 -6.84365
0.135204 -6.84365
0.136204 -6.84365
0.137204 -6.84365
0.138204 -6.84365
0.139204 -6.84365
0.140204 -6.84365
0.141204 -6.84365
0.142204 -6.84365
0.143204 -6.84365
0.144204 -6.84365
0.145204 -6.84365
0.146204 -6.84365
0.147204 -6.84365
0.148204 -6.84365
0.149204 -6.84365
0.150204 -6.84365
0.151204 -6.84365
0.152204 -6.84365
0.153204 -6.84365
0.154204 -6.84365
0.155204 -6.84365
0.156204 -6.84365
0.157204 -6.84365
0.158204 -6.84365
0.159204 -6.84365
0.160204 -6.84365
0.161204 -6.84365
0.162204 -6.84365
0.163204 -6.84365
0.164204 -6.84365
0.165204 -6.84365
0.166204 -6.84365
0.167204 -6.84365
0.168204 -6.84365
0.169204 -6.84365
0.170204 -6.84365
0.171204 -6.84365
0.172204 -6.84365
0.173204 -6.84365
0.174204 -6.84365
0.175204 -6.84365
0.176204 -6.84365
0.177204 -6.84365
0.178204 -6.84365
0.179204 -6.84365
0.180204 -6.84365
0.181204 -6.84365
0.182204 -6.84365
0.183204 -6.84365
0.184204 -6.84365
0.185204 -6.84365
0.186204 -6.84365
0.187204 -6.84365
0.188204 -6.84365
0.189204 -6.84365
0.190204 -6.84365
0.191204 -6.84365
0.192204 -6.84365
0.193204 -6.84365
0.194204 -6.84365
0.195204 -6.84365
0.196204 -6.84365
0.197204 -6.84365
0.198204 -6.84365
0.199204 -6.84365
0.200204 -6.84365
0.201204 -6.84365
0.202204 -6.84365
0.203204 -6.84365
0.204204 -6.84365
0.205204 -6.84365
0.206204 -6.84365
0.207204 -6.84365
0.208204 -6.84365
0.209204 -6.84365
0.210204 -6.84365
0.211204 -6.84365
0.212204 -6.84365
0.213204 -6.84365
0.214204 -6.84365
0.215204 -6.84365
0.216204 -6.84365
0.217204 -6.84365
0.218204 -6.84365
0.219204 -6.84365
0.220204 -6.84365
0.221204 -6.84365
0.222204 -6.84365
0.223204 -6.84365
0.224204 -6.84365
0.225204 -6.84365
0.226204 -6.84365
0.227204 -6.84365
0.228204 -6.84365
0.229204 -6.84365
0.230204 -6.84365
0.231204 -6.84365
0.232204 -6.84365
0.233204 -6.84365
0.234204 -6.84365
0.235204 -6.84365
0.236204 -6.84365
0.237204 -6.84365
0.238204 -6.84365
0.239204 -6.84365
0.240204 -6.84365
0.241204 -6.84365
0.242204 -6.84365
0.243204 -6.84365
0.244204 -6.84365
0.245204 -6.84365
0.246204 -6.84365
0.247204 -6.84365
0.248204 -6.84365
0.249204 -6.84365
0.250204 -6.84365
0.251204 -6.84365
0.252204 -6.84365
0.253204 -6.84365
0.254204 -6.84365
0.255204 -6.84365
0.256204 -6.84365
0.257204 -6.84365
0.258204 -6.84365
0.259204 -6.84365
0.260204 -6.84365
0.261204 -6.84365
0.262204 -6.84365
0.263204 -6.84365
0.264204 -6.84365
0.265204 -6.84365
0.266204 -6.84365
0.267204 -6.84365
0.268204 -6.84365
0.269204 -6.84365
0.270204 -6.84365
0.271204 -6.84365
0.272204 -6.84365
0.273204 -6.84365
0.274204 -6.84365
0.275204 -6.84365
0.276204 -6.84365
0.277204 -6.84365
0.278204 -6.84365
0.279204 -6.84365
0.280204 -6.84365
0.281204 -6.84365
0.282204 -6.84365
0.283204 -6.84365
0.284204 -6.84365
0.285204 -6.84365
0.286204 -6.84365
0.287204 -6.84365
0.288204 -6.84365
0.289204 -6.84365
0.290204 -6.84365
0.291204 -6.84365
0.292204 -6.84365
0.293204 -6.84365
0.294204 -6.84365
0.295204 -6.84365
0.296204 -6.84365
0.297204 -6.84365
0.298204 -6.84365
0.299204 -6.84365
0.300204 -6.84365
0.301204 -6.84365
0.302204 -6.84365
0.303204 -6.84365
0.304204 -6.84365
0.305204 -6.84365
0.306204 -6.84365
0.307204 -6.84365
0.308204 -6.84365
0.309204 -6.84365
0.310204 -6.84365
0.311204 -6.84365
0.312204 -6.84365
0.313204 -6.84365
0.314204 -6.84365
0.315204 -6.84365
0.316204 -6.84365
0.317204 -6.84365
0.318204 -6.84365
0.319204 -6.84365
0.320204 -6.84365
0.321204 -6.84365
0.322204 -6.84365
0.323204 -6.84365
0.324204 -6.84365
0.325204 -6.84365
0.326204 -6.84365
0.327204 -6.84365
0.328204 -6.84365
0.329204 -6.84365
0.330204 -6.84365
0.331204 -6.84365
0.332204 -6.84365
0.333204 -6.84365
0.334204 -6.84365
0.335204 -6.84365
0.336204 -6.84365
0.337204 -6.84365
0.338204 -6.84365
0.339204 -6.84365
0.340204 -6.84365
0.341204 -6.84365
0.342204 -6.84365
0.343204 -6.84365
0.344204 -6.84365
0.345204 -6.84365
0.346204 -6.84365
0.347204 -6.84365
0.348204 -6.84365
0.349204 -6.84365
0.350204 -6.84365
0.351204 -6.84365
0.352204 -6.84365
0.353204 -6.84365
0.354204 -6.84365
0.355204 -6.84365
0.356204 -6.84365
0.357204 -6.84365
0.358204 -6.84365
0.359204 -6.84365
0.360204 -6.84365
0.361204 -6.84365
0.362204 -6.84365
0.363204 -6.84365
0.364204 -6.84365
0.365204 -6.84365
0.366204 -6.84365
0.367204 -6.84365
0.368204 -6.84365
0.369204 -6.84365
0.370204 -6.84365
0.371204 -6.84365
0.372204 -6.84365
0.373204 -6.84365
0.374204 -6.84365
0.375204 -6.84365
0.376204 -6.84365
0.377204 -6.84365
0.378204 -6.84365
0.379204 -6.84365
0.380204 -6.84365
0.381204 -6.84365
0.382204 -6.84365
0.383204 -6.84365
0.384204 -6.84365
0.385204 -6.84365
0.386204 -6.84365
0.387204 -6.84365
0.388204 -6.84365
0.389204 -6.84365
0.390204 -6.84365
0.391204 -6.84365
0.392204 -6.84365
0.393204 -6.84365
0.394204 -6.84365
0.395204 -6.84365
0.396204 -6.84365
0.397204 -6.84365
0.398204 -6.84365
0.399204 -6.84365
0.400204 -6.84365
0.401204 -6.84365
0.402204 -6.84365
0.403204 -6.84365
0.404204 -6.84365
0.405204 -6.84365
0.406204 -6.84365
0.407204 -6.84365
0.408204 -6.84365
0.409204 -6.84365
0.410204 -6.84365
0.411204 -6.84365
0.412204 -6.84365
0.413204 -6.84365
0.414204 -6.84365
0.415204 -6.84365
0.416204 -6.84365
0.417204 -6.84365
0.418204 -6.84365
0.419204 -6.84365
0.420204 -6.84365
0.421204 -6.84365
0.422204 -6.84365
0.423204 -6.84365
0.424204 -6.84365
0.425204 -6.84365
0.426204 -6.84365
0.427204 -6.84365
0.428204 -6.84365
0.429204 -6.84365
0.430204 -6.84365
0.431204 -6.84365
0.432204 -6.84365
0.433204 -6.84365
0.434204 -6.84365
0.435204 -6.84365
0.436204 -6.84365
0.437204 -6.84365
0.438204 -6.84365
0.439204 -6.84365
0.440204 -6.84365
0.441204 -6.84365
0.442204 -6.84365
0.443204 -6.84365
0.444204 -6.84365
0.445204 -6.84365
0.446204 -6.84365
0.447204 -6.84365
0.448204 -6.84365
0.449204 -6.84365
0.450204 -6.84365
0.451204 -6.84365
0.452204 -6.84365
0.453204 -6.84365
0.454204 -6.84365
0.455204 -6.84365
0.456204 -6.84365
0.457204 -6.84365
0.458204 -6.84365
0.459204 -6.84365
0.460204 -6.84365
0.461204 -6.84365
0.462204 -6.84365
0.463204 -6.84365
0.464204 -6.84365
0.465204 -6.84365
0.466204 -6.84365
0.467204 -6.84365
0.468204 -6.84365
0.469204 -6.84365
0.470204 -6.84365
0.471204 -6.84365
0.472204 -6.84365
0.473204 -6.84365
0.474204 -6.84365
0.475204 -6.84365
0.476204 -6.84365
0.477204 -6.84365
0.478204 -6.84365
0.479204 -6.84365
0.480204 -6.84365
0.481204 -6.84365
0.482204 -6.84365
0.483204 -6.84365
0.484204 -6.84365
0.485204 -6.84365
0.486204 -6.84365
0.487204 -6.84365
0.488204 -6.84365
0.489204 -6.84365
0.490204 -6.84365
0.491204 -6.84365
0.492204 -6.84365
0.493204 -6.84365
0.494204 -6.84365
0.495204 -6.84365
0.496204 -6.84365
0.497204 -6.84365
0.498204 -6.84365
0.499204 -6.84365
0.500204 -6.84365
0.501204 -6.84365
0.502204 -6.84365
0.503204 -6.84365
0.504204 -6.84365
0.505204 -6.84365
0.506204 -6.84365
0.507204 -6.84365
0.508204 -6.84365
0.509204 -6.84365
0.510204 -6.84365
0.511204 -6.84365
0.512204 -6.84365
0.513204 -6.84365
0.514204 -6.84365
0.515204 -6.84365
0.516204 -6.84365
0.517204 -6.84365
0.518204 -6.84365
0.519204 -6.84365
0.520204 -6.84365
0.521204 -6.84365
0.522204 -6.84365
0.523204 -6.84365
0.524204 -6.84365
0.525204 -6.84365
0.526204 -6.84365
0.527204 -6.84365
0.528204 -6.84365
0.529204 -6.84365
0.530204 -6.84365
0.531204 -6.84365
0.532204 -6.84365
0.533204 -6.84365
0.534204 -6.84365
0.535204 -6.84365
0.536204 -6.84365
0.537204 -6.84365
0.538204 -6.84365
0.539204 -6.84365
0.540204 -6.84365
0.541204 -6.84365
0.542204 -6.84365
0.543204 -6.84365
0.544204 -6.84365
0.545204 -6.84365
0.546204 -6.84365
0.547204 -6.84365
0.548204 -6.84365
0.549204 -6.84365
0.550204 -6.84365
0.551204 -6.84365
0.552204 -6.84365
0.553204 -6.84365
0.554204 -6.84365
0.555204 -6.84365
0.556204 -6.84365
0.557204 -6.84365
0.558204 -6.84365
0.559204 -6.84365
0.560204 -6.84365
0.561204 -6.84365
0.562204 -6.84365
0.563204 -6.84365
0.564204 -6.84365
0.565204 -6.84365
0.566204 -6.84365
0.567204 -6.84365
0.568204 -6.84365
0.569204 -6.84365
0.570204 -6.84365
0.571204 -6.84365
0.572204 -6.84365
0.573204 -6.84365
0.574204 -6.84365
0.575204 -6.84365
0.576204 -6.84365
0.577204 -6.84365
0.578204 -6.84365
0.579204 -6.84365
0.580204 -6.84365
0.581204 -6.84365
0.582204 -6.84365
0.583204 -6.84365
0.584204 -6.84365
0.585204 -6.84365
0.586204 -6.84365
0.587204 -6.84365
0.588204 -6.84365
0.589204 -6.84365
0.590204 -6.84365
0.591204 -6.84365
0.592204 -6.84365
0.593204 -6.84365
0.594204 -6.84365
0.595204 -6.84365
0.596204 -6.84365
0.597204 -6.84365
0.598204 -6.84365
0.599204 -6.84365
0.600204 -6.84365
0.601204 -6.84365
0.602204 -6.84365
0.603204 -6.84365
0.604204 -6.84365
0.605204 -6.84365
0.606204 -6.84365
0.607204 -6.84365
0.608204 -6.84365
0.609204 -6.84365
0.610204 -6.84365
0.611204 -6.84365
0.612204 -6.84365
0.613204 -6.84365
0.614204 -6.84365
0.615204 -6.84365
0.616204 -6.84365
0.617204 -6.84365
0.618204 -6.84365
0.619204 -6.84365
0.620204 -6.84365
0.621204 -6.84365
0.622204 -6.84365
0.623204 -6.84365
0.624204 -6.84365
0.625204 -6.84365
0.626204 -6.84365
0.627204 -6.84365
0.628204 -6.84365
0.629204 -6.84365
0.630204 -6.84365
0.631204 -6.84365
0.632204 -6.84365
0.633204 -6.84365
0.634204 -6.84365
0.635204 -6.84365
0.636204 -6.84365
0.637204 -6.84365
0.638204 -6.84365
0.639204 -6.84365
0.640204 -6.84365
0.641204 -6.84365
0.642204 -6.84365
0.643204 -6.84365
0.644204 -6.84365
0.645204 -6.84365
0.646204 -6.84365
0.647204 -6.84365
0.648204 -6.84365
0.649204 -6.84365
0.650204 -6.84365
0.651204 -6.84365
0.652204 -6.84365
0.653204 -6.84365
0.654204 -6.84365
0.655204 -6.84365
0.656204 -6.84365
0.657204 -6.84365
0.658204 -6.84365
0.659204 -6.84365
0.660204 -6.84365
0.661204 -6.84365
0.662204 -6.84365
0.663204 -6.84365
0.664204 -6.84365
0.665204 -6.84365
0.666204 -6.84365
0.667204 -6.84365
0.668204 -6.84365
0.669204 -6.84365
0.670204 -6.84365
0.671204 -6.84365
0.672204 -6.84365
0.673204 -6.84365
0.674204 -6.84365
0.675204 -6.84365
0.676204 -6.84365
0.677204 -6.84365
0.678204 -6.84365
0.679204 -6.84365
0.680204 -6.84365
0.681204 -6.84365
0.682204 -6.84365
0.683204 -6.84365
0.684204 -6.84365
0.685204 -6.84365
0.686204 -6.84365
0.687204 -6.84365
0.688204 -6.84365
0.689204 -6.84365
0.690204 -6.84365
0.691204 -6.84365
0.692204 -6.84365
0.693204 -6.84365
0.694204 -6.84365
0.695204 -6.84365
0.696204 -6.84365
0.697204 -6.84365
0.698204 -6.84365
0.699204 -6.84365
0.700204 -6.84365
0.701204 -6.84365
0.702204 -6.84365
0.703204 -6.84365
0.704204 -6.84365
0.705204 -6.84365
0.706204 -6.84365
0.707204 -6.84365
0.708204 -6.84365
0.709204 -6.84365
0.710204 -6.84365
0.711204 -6.84365
0.712204 -6.84365
0.713204 -6.84365
0.714204 -6.84365
0.715204 -6.84365
0.716204 -6.84365
0.717204 -6.84365
0.718204 -6.84365
0.719204 -6.84365
0.720204 -6.84365
0.721204 -6.84365
0.722204 -6.84365
0.723204 -6.84365
0.724204 -6.84365
0.725204 -6.84365
0.726204 -6.84365
0.727204 -6.84365
0.728204 -6.84365
0.729204 -6.84365
0.730204 -6.84365
0.731204 -6.84365
0.732204 -6.84365
0.733204 -6.84365
0.734204 -6.84365
0.735204 -6.84365
0.736204 -6.84365
0.737204 -6.84365
0.738204 -6.84365
0.739204 -6.84365
0.740204 -6.84365
0.741204 -6.84365
0.742204 -6.84365
0.743204 -6.84365
0.744204 -6.84365
0.745204 -6.84365
0.746204 -6.84365
0.747204 -6.84365
0.748204 -6.84365
0.749204 -6.84365
0.750204 -6.84365
0.751204 -6.84365
0.752204 -6.84365
0.753204 -6.84365
0.754204 -6.84365
0.755204 -6.84365
0.756204 -6.84365
0.757204 -6.84365
0.758204 -6.84365
0.759204 -6.84365
0.760204 -6.84365
0.761204 -6.84365
0.762204 -6.84365
0.763204 -6.84365
0.764204 -6.84365
0.765204 -6.84365
0.766204 -6.84365
0.767204 -6.84365
0.768204 -6.84365
0.769204 -6.84365
0.770204 -6.84365
0.771204 -6.84365
0.772204 -6.84365
0.773204 -6.84365
0.774204 -6.84365
0.775204 -6.84365
0.776204 -6.84365
0.777204 -6.84365
0.778204 -6.84365
0.779204 -6.84365
0.780204 -6.84365
0.781204 -6.84365
0.782204 -6.84365
0.783204 -6.84365
0.784204 -6.84365
0.785204 -6.84365
0.786204 -6.84365
0.787204 -6.84365
0.788204 -6.84365
0.789204 -6.84365
0.790204 -6.84365
0.791204 -6.84365
0.792204 -6.84365
0.793204 -6.84365
0.794204 -6.84365
0.795204 -6.84365
0.796204 -6.84365
0.797204 -6.84365
0.798204 -6.84365
0.799204 -6.84365
0.800204 -6.84365
0.801204 -6.84365
0.802204 -6.84365
0.803204 -6.84365
0.804204 -6.84365
0.805204 -6.84365
0.806204 -6.84365
0.807204 -6.84365
0.808204 -6.84365
0.809204 -6.84365
0.810204 -6.84365
0.811204 -6.84365
0.812204 -6.84365
0.813204 -6.84365
0.814204 -6.84365
0.815204 -6.84365
0.816204 -6.84365
0.817204 -6.84365
0.818204 -6.84365
0.819204 -6.84365
0.820204 -6.84365
0.821204 -6.84365
0.822204 -6.84365
0.823204 -6.84365
0.824204 -6.84365
0.825204 -6.84365
0.826204 -6.84365
0.827204 -6.84365
0.828204 -6.84365
0.829204 -6.84365
0.830204 -6.84365
0.831204 -6.84365
0.832204 -6.84365
0.833204 -6.84365
0.834204 -6.84365
0.835204 -6.84365
0.836204 -6.84365
0.837204 -6.84365
0.838204 -6.84365
0.839204 -6.84365
0.840204 -6.84365
0.841204 -6.84365
0.842204 -6.84365
0.843204 -6.84365
0.844204 -6.84365
0.845204 -6.84365
0.846204 -6.84365
0.847204 -6.84365
0.848204 -6.84365
0.849204 -6.84365
0.850204 -6.84365
0.851204 -6.84365
0.852204 -6.84365
0.853204 -6.84365
0.854204 -6.84365
0.855204 -6.84365
0.856204 -6.84365
0.857204 -6.84365
0.858204 -6.84365
0.859204 -6.84365
0.860204 -6.84365
0.861204 -6.84365
0.862204 -6.84365
0.863204 -6.84365
0.864204 -6.84365
0.865204 -6.84365
0.866204 -6.84365
0.867204 -6.84365
0.868204 -6.84365
0.869204 -6.84365
0.870204 -6.84365
0.871204 -6.84365
0.872204 -6.84365
0.873204 -6.84365
0.874204 -6.84365
0.875204 -6.84365
0.876204 -6.84365
0.877204 -6.84365
0.878204 -6.84365
0.879204 -6.84365
0.880204 -6.84365
0.881204 -6.84365
0.882204 -6.84365
0.883204 -6.84365
0.884204 -6.84365
0.885204 -6.84365
0.886204 -6.84365
0.887204 -6.84365
0.888204 -6.84365
0.889204 -6.84365
0.890204 -6.84365
0.891204 -6.84365
0.892204 -6.84365
0.893204 -6.84365
0.894204 -6.84365
0.895204 -6.84365
0.896204 -6.84365
0.897204 -6.84365
0.898204 -6.84365
0.899204 -6.84365
0.900204 -6.84365
0.901204 -6.84365
0.902204 -6.84365
0.903204 -6.84365
0.904204 -6.84365
0.905204 -6.84365
0.906204 -6.84365
0.907204 -6.84365
0.908204 -6.84365
0.909204 -6.84365
0.910204 -6.84365
0.911204 -6.84365
0.912204 -6.84365
0.913204 -6.84365
0.914204 -6.84365
0.915204 -6.84365
0.916204 -6.84365
0.917204 -6.84365
0.918204 -6.84365
0.919204 -6.84365
0.920204 -6.84365
0.921204 -6.84365
0.922204 -6.84365
0.923204 -6.84365
0.924204 -6.84365
0.925204 -6.84365
0.926204 -6.84365
0.927204 -6.84365
0.928204 -6.84365
0.929204 -6.84365
0.930204 -6.84365
0.931204 -6.84365
0.932204 -6.84365
0.933204 -6.84365
0.934204 -6.84365
0.935204 -6.84365
0.936204 -6.84365
0.937204 -6.84365
0.938204 -6.84365
0.939204 -6.84365
0.940204 -6.84365
0.941204 -6.84365
0.942204 -6.84365
0.943204 -6.84365
0.944204 -6.84365
0.945204 -6.84365
0.946204 -6.84365
0.947204 -6.84365
0.948204 -6.84365
0.949204 -6.84365
0.950204 -6.84365
0.951204 -6.84365
0.952204 -6.84365
0.953204 -6.84365
0.954204 -6.84365
0.955204 -6.84365
0.956204 -6.84365
0.957204 -6.84365
0.958204 -6.84365
0.959204 -6.84365
0.960204 -6.84365
0.961204 -6.84365
0.962204 -6.84365
0.963204 -6.84365
0.964204 -6.84365
0.965204 -6.84365
0.966204 -6.84365
0.967204 -6.84365
0.968204 -6.84365
0.969204 -6.84365
0.970204 -6.84365
0.971204 -6.84365
0.972204 -6.84365
0.973204 -6.84365
0.974204 -6.84365
0.975204 -6.84365
0.976204 -6.84365
0.977204 -6.84365
0.978204 -6.84365
0.979204 -6.84365
0.980204 -6.84365
0.981204 -6.84365
0.982204 -6.84365
0.983204 -6.84365
0.984204 -6.84365
0.985204 -6.84365
0.986204 -6.84365
0.987204 -6.84365
0.988204 -6.84365
0.989204 -6.84365
0.990204 -6.84365
0.991204 -6.84365
0.992204 -6.84365
0.993204 -6.84365
0.994204 -6.84365
0.995204 -6.84365
0.996204 -6.84365
0.997204 -6.84365
0.998204 -6.84365
0.999204 -6.84365
1.0002 -6.84365
1.0012 -6.84365
1.0022 -6.84365
1.0032 -6.84365
1.0042 -6.84365
1.0052 -6.84365
1.0062 -6.84365
1.0072 -6.84365
1.0082 -6.84365
1.0092 -6.84365
1.0102 -6.84365
1.0112 -6.84365
1.0122 -6.84365
1.0132 -6.84365
1.0142 -6.84365
1.0152 -6.84365
1.0162 -6.84365
1.0172 -6.84365
1.0182 -6.84365
1.0192 -6.84365
1.0202 -6.84365
1.0212 -6.84365
1.0222 -6.84365
1.0232 -6.84365
1.0242 -6.84365
1.0252 -6.84365
1.0262 -6.84365
1.0272 -6.84365
1.0282 -6.84365
1.0292 -6.84365
1.0302 -6.84365
1.0312 -6.84365
1.0322 -6.84365
1.0332 -6.84365
1.0342 -6.84365
1.0352 -6.84365
1.0362 -6.84365
1.0372 -6.84365
1.0382 -6.84365
1.0392 -6.84365
1.0402 -6.84365
1.0412 -6.84365
1.0422 -6.84365
1.0432 -6.84365
1.0442 -6.84365
1.0452 -6.84365
1.0462 -6.84365
1.0472 -6.84365
1.0482 -6.84365
1.0492 -6.84365
1.0502 -6.84365
1.0512 -6.84365
1.0522 -6.84365
1.0532 -6.84365
1.0542 -6.84365
1.0552 -6.84365
1.0562 -6.84365
1.0572 -6.84365
1.0582 -6.84365
1.0592 -6.84365
1.0602 -6.84365
1.0612 -6.84365
1.0622 -6.84365
1.0632 -6.84365
1.0642 -6.84365
1.0652 -6.84365
1.0662 -6.84365
1.0672 -6.84365
1.0682 -6.84365
1.0692 -6.84365
1.0702 -6.84365
1.0712 -6.84365
1.0722 -6.84365
1.0732 -6.84365
1.0742 -6.84365
1.0752 -6.84365
1.0762 -6.84365
1.0772 -6.84365
1.0782 -6.84365
1.0792 -6.84365
1.0802 -6.84365
1.0812 -6.84365
1.0822 -6.84365
1.0832 -6.84365
1.0842 -6.84365
1.0852 -6.84365
1.0862 -6.84365
1.0872 -6.84365
1.0882 -6.84365
1.0892 -6.84365
1.0902 -6.84365
1.0912 -6.84365
1.0922 -6.84365
1.0932 -6.84365
1.0942 -6.84365
1.0952 -6.84365
1.0962 -6.84365
1.0972 -6.84365
1.0982 -6.84365
1.0992 -6.84365
1.1002 -6.84365
1.1012 -6.84365
1.1022 -6.84365
1.1032 -6.84365
1.1042 -6.84365
1.1052 -6.84365
1.1062 -6.84365
1.1072 -6.84365
1.1082 -6.84365
1.1092 -6.84365
1.1102 -6.84365
1.1112 -6.84365
1.1122 -6.84365
1.1132 -6.84365
1.1142 -6.84365
1.1152 -6.84365
1.1162 -6.84365
1.1172 -6.84365
1.1182 -6.84365
1.1192 -6.84365
1.1202 -6.84365
1.1212 -6.84365
1.1222 -6.84365
1.1232 -6.84365
1.1242 -6.84365
1.1252 -6.84365
1.1262 -6.84365
1.1272 -6.84365
1.1282 -6.84365
1.1292 -6.84365
1.1302 -6.84365
1.1312 -6.84365
1.1322 -6.84365
1.1332 -6.84365
1.1342 -6.84365
1.1352 -6.84365
1.1362 -6.84365
1.1372 -6.84365
1.1382 -6.84365
1.1392 -6.84365
1.1402 -6.84365
1.1412 -6.84365
1.1422 -6.84365
1.1432 -6.84365
1.1442 -6.84365
1.1452 -6.84365
1.1462 -6.84365
1.1472 -6.84365
1.1482 -6.84365
1.1492 -6.84365
1.1502 -6.84365
1.1512 -6.84365
1.1522 -6.84365
1.1532 -6.84365
1.1542 -6.84365
1.1552 -6.84365
1.1562 -6.84365
1.1572 -6.84365
1.1582 -6.84365
1.1592 -6.84365
1.1602 -6.84365
1.1612 -6.84365
1.1622 -6.84365
1.1632 -6.84365
1.1642 -6.84365
1.1652 -6.84365
1.1662 -6.84365
1.1672 -6.84365
1.1682 -6.84365
1.1692 -6.84365
1.1702 -6.84365
1.1712 -6.84365
1.1722 -6.84365
1.1732 -6.84365
1.1742 -6.84365
1.1752 -6.84365
1.1762 -6.84365
1.1772 -6.84365
1.1782 -6.84365
1.1792 -6.84365
1.1802 -6.84365
1.1812 -6.84365
1.1822 -6.84365
1.1832 -6.84365
1.1842 -6.84365
1.1852 -6.84365
1.1862 -6.84365
1.1872 -6.84365
1.1882 -6.84365
1.1892 -6.84365
1.1902 -6.84365
1.1912 -6.84365
1.1922 -6.84365
1.1932 -6.84365
1.1942 -6.84365
1.1952 -6.84365
1.1962 -6.84365
1.1972 -6.84365
1.1982 -6.84365
1.1992 -6.84365
1.2002 -6.84365
1.2012 -6.84365
1.2022 -6.84365
1.2032 -6.84365
1.2042 -6.84365
1.2052 -6.84365
1.2062 -6.84365
1.2072 -6.84365
1.2082 -6.84365
1.2092 -6.84365
1.2102 -6.84365
1.2112 -6.84365
1.2122 -6.84365
1.2132 -6.84365
1.2142 -6.84365
1.2152 -6.84365
1.2162 -6.84365
1.2172 -6.84365
1.2182 -6.84365
1.2192 -6.84365
1.2202 -6.84365
1.2212 -6.84365
1.2222 -6.84365
1.2232 -6.84365
1.2242 -6.84365
1.2252 -6.84365
1.2262 -6.84365
1.2272 -6.84365
1.2282 -6.84365
1.2292 -6.84365
1.2302 -6.84365
1.2312 -6.84365
1.2322 -6.84365
1.2332 -6.84365
1.2342 -6.84365
1.2352 -6.84365
1.2362 -6.84365
1.2372 -6.84365
1.2382 -6.84365
1.2392 -6.84365
1.2402 -6.84365
1.2412 -6.84365
1.2422 -6.84365
1.2432 -6.84365
1.2442 -6.84365
1.2452 -6.84365
1.2462 -6.84365
1.2472 -6.84365
1.2482 -6.84365
1.2492 -6.84365
1.2502 -6.84365
1.2512 -6.84365
1.2522 -6.84365
1.2532 -6.84365
1.2542 -6.84365
1.2552 -6.84365
1.2562 -6.84365
1.2572 -6.84365
1.2582 -6.84365
1.2592 -6.84365
1.2602 -6.84365
1.2612 -6.84365
1.2622 -6.84365
1.2632 -6.84365
1.2642 -6.84365
1.2652 -6.84365
1.2662 -6.84365
1.2672 -6.84365
1.2682 -6.84365
1.2692 -6.84365
1.2702 -6.84365
1.2712 -6.84365
1.2722 -6.84365
1.2732 -6.84365
1.2742 -6.84365
1.2752 -6.84365
1.2762 -6.84365
1.2772 -6.84365
1.2782 -6.84365
1.2792 -6.84365
1.2802 -6.84365
1.2812 -6.84365
1.2822 -6.84365
1.2832 -6.84365
1.2842 -6.84365
1.2852 -6.84365
1.2862 -6.84365
1.2872 -6.84365
1.2882 -6.84365
1.2892 -6.84365
1.2902 -6.84365
1.2912 -6.84365
1.2922 -6.84365
1.2932 -6.84365
1.2942 -6.84365
1.2952 -6.84365
1.2962 -6.84365
1.2972 -6.84365
1.2982 -6.84365
1.2992 -6.84365
1.3002 -6.84365
1.3012 -6.84365
1.3022 -6.84365
1.3032 -6.84365
1.3042 -6.84365
1.3052 -6.84365
1.3062 -6.84365
1.3072 -6.84365
1.3082 -6.84365
1.3092 -6.84365
1.3102 -6.84365
1.3112 -6.84365
1.3122 -6.84365
1.3132 -6.84365
1.3142 -6.84365
1.3152 -6.84365
1.3162 -6.84365
1.3172 -6.84365
1.3182 -6.84365
1.3192 -6.84365
1.3202 -6.84365
1.3212 -6.84365
1.3222 -6.84365
1.3232 -6.84365
1.3242 -6.84365
1.3252 -6.84365
1.3262 -6.84365
1.3272 -6.84365
1.3282 -6.84365
1.3292 -6.84365
1.3302 -6.84365
1.3312 -6.84365
1.3322 -6.84365
1.3332 -6.84365
1.3342 -6.84365
1.3352 -6.84365
1.3362 -6.84365
1.3372 -6.84365
1.3382 -6.84365
1.3392 -6.84365
1.3402 -6.84365
1.3412 -6.84365
1.3422 -6.84365
1.3432 -6.84365
1.3442 -6.84365
1.3452 -6.84365
1.3462 -6.84365
1.3472 -6.84365
1.3482 -6.84365
1.3492 -6.84365
1.3502 -6.84365
1.3512 -6.84365
1.3522 -6.84365
1.3532 -6.84365
1.3542 -6.84365
1.3552 -6.84365
1.3562 -6.84365
1.3572 -6.84365
1.3582 -6.84365
1.3592 -6.84365
1.3602 -6.84365
1.3612 -6.84365
1.3622 -6.84365
1.3632 -6.84365
1.3642 -6.84365
1.3652 -6.84365
1.3662 -6.84365
1.3672 -6.84365
1.3682 -6.84365
1.3692 -6.84365
1.3702 -6.84365
1.3712 -6.84365
1.3722 -6.84365
1.3732 -6.84365
1.3742 -6.84365
1.3752 -6.84365
1.3762 -6.84365
1.3772 -6.84365
1.3782 -6.84365
1.3792 -6.84365
1.3802 -6.84365
1.3812 -6.84365
1.3822 -6.84365
1.3832 -6.84365
1.3842 -6.84365
1.3852 -6.84365
1.3862 -6.84365
1.3872 -6.84365
1.3882 -6.84365
1.3892 -6.84365
1.3902 -6.84365
1.3912 -6.84365
1.3922 -6.84365
1.3932 -6.84365
1.3942 -6.84365
1.3952 -6.84365
1.3962 -6.84365
1.3972 -6.84365
1.3982 -6.84365
1.3992 -6.84365
1.4002 -6.84365
1.4012 -6.84365
1.4022 -6.84365
1.4032 -6.84365
1.4042 -6.84365
1.4052 -6.84365
1.4062 -6.84365
1.4072 -6.84365
1.4082 -6.84365
1.4092 -6.84365
1.4102 -6.84365
1.4112 -6.84365
1.4122 -6.84365
1.4132 -6.84365
1.4142 -6.84365
1.4152 -6.84365
1.4162 -6.84365
1.4172 -6.84365
1.4182 -6.84365
1.4192 -6.84365
1.4202 -6.84365
1.4212 -6.84365
1.4222 -6.84365
1.4232 -6.84365
1.4242 -6.84365
1.4252 -6.84365
1.4262 -6.84365
1.4272 -6.84365
1.4282 -6.84365
1.4292 -6.84365
1.4302 -6.84365
1.4312 -6.84365
1.4322 -6.84365
1.4332 -6.84365
1.4342 -6.84365
1.4352 -6.84365
1.4362 -6.84365
1.4372 -6.84365
1.4382 -6.84365
1.4392 -6.84365
1.4402 -6.84365
1.4412 -6.84365
1.4422 -6.84365
1.4432 -6.84365
1.4442 -6.84365
1.4452 -6.84365
1.4462 -6.84365
1.4472 -6.84365
1.4482 -6.84365
1.4492 -6.84365
1.4502 -6.84365
1.4512 -6.84365
1.4522 -6.84365
1.4532 -6.84365
1.4542 -6.84365
1.4552 -6.84365
1.4562 -6.84365
1.4572 -6.84365
1.4582 -6.84365
1.4592 -6.84365
1.4602 -6.84365
1.4612 -6.84365
1.4622 -6.84365
1.4632 -6.84365
1.4642 -6.84365
1.4652 -6.84365
1.4662 -6.84365
1.4672 -6.84365
1.4682 -6.84365
1.4692 -6.84365
1.4702 -6.84365
1.4712 -6.84365
1.4722 -6.84365
1.4732 -6.84365
1.4742 -6.84365
1.4752 -6.84365
1.4762 -6.84365
1.4772 -6.84365
1.4782 -6.84365
1.4792 -6.84365
1.4802 -6.84365
1.4812 -6.84365
1.4822 -6.84365
1.4832 -6.84365
1.4842 -6.84365
1.4852 -6.84365
1.4862 -6.84365
1.4872 -6.84365
1.4882 -6.84365
1.4892 -6.84365
1.4902 -6.84365
1.4912 -6.84365
1.4922 -6.84365
1.4932 -6.84365
1.4942 -6.84365
1.4952 -6.84365
1.4962 -6.84365
1.4972 -6.84365
1.4982 -6.84365
1.4992 -6.84365
1.5002 -6.84365
1.5012 -6.84365
1.5022 -6.84365
1.5032 -6.84365
1.5042 -6.84365
1.5052 -6.84365
1.5062 -6.84365
1.5072 -6.84365
1.5082 -6.84365
1.5092 -6.84365
1.5102 -6.84365
1.5112 -6.84365
1.5122 -6.84365
1.5132 -6.84365
1.5142 -6.84365
1.5152 -6.84365
1.5162 -6.84365
1.5172 -6.84365
1.5182 -6.84365
1.5192 -6.84365
1.5202 -6.84365
1.5212 -6.84365
1.5222 -6.84365
1.5232 -6.84365
1.5242 -6.84365
1.5252 -6.84365
1.5262 -6.84365
1.5272 -6.84365
1.5282 -6.84365
1.5292 -6.84365
1.5302 -6.84365
1.5312 -6.84365
1.5322 -6.84365
1.5332 -6.84365
1.5342 -6.84365
1.5352 -6.84365
1.5362 -6.84365
1.5372 -6.84365
1.5382 -6.84365
1.5392 -6.84365
1.5402 -6.84365
1.5412 -6.84365
1.5422 -6.84365
1.5432 -6.84365
1.5442 -6.84365
1.5452 -6.84365
1.5462 -6.84365
1.5472 -6.84365
1.5482 -6.84365
1.5492 -6.84365
1.5502 -6.84365
1.5512 -6.84365
1.5522 -6.84365
1.5532 -6.84365
1.5542 -6.84365
1.5552 -6.84365
1.5562 -6.84365
1.5572 -6.84365
1.5582 -6.84365
1.5592 -6.84365
1.5602 -6.84365
1.5612 -6.84365
1.5622 -6.84365
1.5632 -6.84365
1.5642 -6.84365
1.5652 -6.84365
1.5662 -6.84365
1.5672 -6.84365
1.5682 -6.84365
1.5692 -6.84365
1.5702 -6.84365
