
--------------------
-16.3794			0			4.92307			
16.4568			-3.9968e-09			4.89995			
-4.03759			0.70877			-1.41421			
--------------------

--------------------
-16.6044			1.42109e-08			27.2554			
237.322			-3.19744e-08			1.90695			
-20.1468			2.78796			-0.48207			
--------------------

--------------------
-236.197			2.13163e-08			0.446929			
36.198			7.21645e-10			2.91627			
-16.973			0.301053			-1.37113			
--------------------

--------------------
-611.992			9.9476e-08			6.51906			
331.162			-8.52651e-08			12.0473			
-62.6898			1.39776			-2.3081			
--------------------

--------------------
-485.789			2.84217e-07			2.8861			
173.377			-1.02807e-07			8.08662			
-38.4143			0.876143			-1.8063			
--------------------

--------------------
-486.807			1.42109e-08			1.17326			
108.058			5.21805e-09			5.28562			
-37.0581			0.552477			-1.81869			
--------------------

--------------------
-494.247			2.55795e-07			0.815222			
90.7588			-6.66134e-08			4.43947			
-43.1007			0.460582			-2.11241			
--------------------

--------------------
-494.932			2.13163e-08			0.784516			
89.0976			-6.66134e-10			4.35794			
-45.128			0.451836			-2.21128			
--------------------

--------------------
-494.938			-1.84741e-07			0.784231			
89.082			3.25295e-08			4.35718			
-45.1754			0.451754			-2.21359			
--------------------
